id,accelerationx,accelerationy,accelerationz,angularvelocityx,angularvelocityy,angularvelocityz,pitch,roll,yaw,mdlcircle_id,hallsensor,timestamp,starttime,endtime,train_mode,blemac,training_id,training_handle_id,accelerationWorldx,accelerationWorldy,accelerationWorldz
824,23310,3332,-503,30214,16898,-31997,19979,-26898,-2067,1,1,46325,2020-11-02 14:54:38,2020-11-02 14:55:08,0,DF:DC:EF:28:D6:3E,1,1,-14503.71320591421,-3227.6716346185713,-18273.90959974544
825,22554,-3068,22789,-29950,-29439,25599,-21749,-23314,-32274,1,1,46350,2020-11-02 14:54:38,2020-11-02 14:55:08,0,DF:DC:EF:28:D6:3E,1,1,-14928.602023999698,-28421.54660546835,-2605.108666106404
826,19988,18442,9228,24828,4863,-31238,-1269,-7954,-17427,1,1,46376,2020-11-02 14:54:38,2020-11-02 14:55:08,0,DF:DC:EF:28:D6:3E,1,1,-401.56560199853175,-18685.665805057648,21805.23172289143
827,-14064,21516,-1007,-24578,-1793,-29190,20236,13295,-24084,1,1,46401,2020-11-02 14:54:38,2020-11-02 14:55:08,0,DF:DC:EF:28:D6:3E,1,1,9790.0917429423,21035.01726249623,11109.930397228349
828,28174,24076,31761,27137,4099,19448,1293,1776,-19989,1,1,46427,2020-11-02 14:54:38,2020-11-02 14:55:08,0,DF:DC:EF:28:D6:3E,1,1,-24494.443285171583,-27810.974455231026,31761.0
829,-27896,-17649,28178,-1282,-18942,-18950,-31219,9969,-1302,1,1,46452,2020-11-02 14:54:38,2020-11-02 14:55:08,0,DF:DC:EF:28:D6:3E,1,1,-22587.468549085992,-32026.922122698397,18648.223102769425
830,22538,4368,13335,-14086,-770,-8704,7437,20721,-17174,1,1,46478,2020-11-02 14:54:38,2020-11-02 14:55:08,0,DF:DC:EF:28:D6:3E,1,1,589.0201051079257,22579.937539042232,-13952.152846379297
831,-20979,29965,17687,-18948,-11264,23043,8972,13041,13547,1,1,46504,2020-11-02 14:54:38,2020-11-02 14:55:08,0,DF:DC:EF:28:D6:3E,1,1,-17979.004356823974,36143.975612805865,4606.307006507483
832,-20979,-26357,-31475,16387,10496,-10753,-501,9457,-28949,1,1,46529,2020-11-02 14:54:38,2020-11-02 14:55:08,0,DF:DC:EF:28:D6:3E,1,1,14546.17777952326,-43743.28923464563,647.2047130851606
833,-20220,-10494,-11774,-6388,2053,-6405,-30707,-24079,20459,1,1,46555,2020-11-02 14:54:38,2020-11-02 14:55:08,0,DF:DC:EF:28:D6:3E,1,1,-4215.870619484384,-7796.705294572458,24063.19458154619
834,-32002,29180,27125,26125,-8187,6912,-21745,-12046,-21013,1,1,46580,2020-11-02 14:54:38,2020-11-02 14:55:08,0,DF:DC:EF:28:D6:3E,1,1,-44601.143807322325,18955.68615221768,-16210.674340605832
835,-19453,17143,-11784,-19714,-4102,-27382,-12273,-5391,-31508,1,1,46606,2020-11-02 14:54:38,2020-11-02 14:55:08,0,DF:DC:EF:28:D6:3E,1,1,11597.918158747689,-23717.087378691478,-10684.211466201137
836,13574,-29196,-24325,12796,14588,-25339,-11250,24304,14573,1,1,46632,2020-11-02 14:54:38,2020-11-02 14:55:08,0,DF:DC:EF:28:D6:3E,1,1,40246.47752168036,-847.2264852681583,2805.133041325811
837,-5375,-1543,-6404,1533,-25086,31741,15374,20720,21229,1,1,46657,2020-11-02 14:54:38,2020-11-02 14:55:08,0,DF:DC:EF:28:D6:3E,1,1,-6356.639893182286,-5624.4933535810815,-490.809315239344
838,-31489,-16383,-15362,-28421,-20475,-11272,-8947,24817,-788,1,1,46683,2020-11-02 14:54:38,2020-11-02 14:55:08,0,DF:DC:EF:28:D6:3E,1,1,16430.996221029436,-21778.44994565664,-27416.64339683187
839,-17155,-1527,26885,4347,28676,29179,24845,-21006,-27412,1,1,46708,2020-11-02 14:54:38,2020-11-02 14:55:08,0,DF:DC:EF:28:D6:3E,1,1,-28769.19162553472,654.5571640689486,13832.358697352693
6,27914,-11005,24842,-9473,19207,-15872,-13050,9714,-4877,1,-1,25379,2020-11-02 14:54:38,2020-11-02 14:55:08,0,DF:DC:EF:28:D6:3E,1,1,14803.386234399368,27168.462613404892,-23667.715990758727
7,-2295,9477,-15349,-23554,28422,12799,32518,8691,15092,1,-1,25406,2020-11-02 14:54:38,2020-11-02 14:55:08,0,DF:DC:EF:28:D6:3E,1,1,16162.044457022856,-6406.015960526577,-5331.381948678551
8,-28667,-1535,19211,-17155,30982,-3329,5126,3316,30964,1,-1,25431,2020-11-02 14:54:38,2020-11-02 14:55:08,0,DF:DC:EF:28:D6:3E,1,1,-9603.692632282224,27054.06072708214,19211.0
9,-18171,-21759,-8949,-10755,5383,-31232,-29947,3061,-9740,1,-1,25456,2020-11-02 14:54:38,2020-11-02 14:55:08,0,DF:DC:EF:28:D6:3E,1,1,-7790.554705806065,16592.069816463714,-23403.72619010564
10,-18170,14085,-2292,-25346,2567,-18688,6661,5110,15861,1,-1,25482,2020-11-02 14:54:38,2020-11-02 14:55:08,0,DF:DC:EF:28:D6:3E,1,1,-1112.2268908386477,-20491.47963300814,10613.745935969448
11,7177,3331,-23539,-9474,8453,21249,-16124,-5898,-23819,1,-1,25508,2020-11-02 14:54:38,2020-11-02 14:55:08,0,DF:DC:EF:28:D6:3E,1,1,18434.86209968576,13522.028400140633,9695.360659168886
12,-15356,14851,25356,19454,2820,-32511,25604,-31241,2038,1,-1,25533,2020-11-02 14:54:38,2020-11-02 14:55:08,0,DF:DC:EF:28:D6:3E,1,1,-31026.536353111343,9482.222657582324,6835.727349821123
13,-31481,19201,-5875,-22787,-28158,7937,-2557,-2313,21750,1,-1,25559,2020-11-02 14:54:38,2020-11-02 14:55:08,0,DF:DC:EF:28:D6:3E,1,1,28456.30851072111,-23451.44490095783,-5875.0
14,-29433,-10491,782,7677,-6655,23296,32003,15864,32502,1,-1,25584,2020-11-02 14:54:38,2020-11-02 14:55:08,0,DF:DC:EF:28:D6:3E,1,1,3991.8802160179866,-21342.04823850284,22484.571673180304
15,-11263,20992,24591,-25347,7681,-20992,3587,29176,-26378,1,-1,25610,2020-11-02 14:54:38,2020-11-02 14:55:08,0,DF:DC:EF:28:D6:3E,1,1,1615.0289817986106,-33985.27462728041,-3824.8273028047333
16,-6906,6144,-6385,-2306,-11520,3329,-16126,-27400,-14346,1,-1,25661,2020-11-02 14:54:38,2020-11-02 14:55:08,0,DF:DC:EF:28:D6:3E,1,1,-8560.008311567426,1391.5201363000451,7141.409273817606
990,25864,31480,-12539,-20240,-17925,13327,32522,11248,16095,1,1,50575,2020-11-02 14:54:38,2020-11-02 14:55:08,0,DF:DC:EF:28:D6:3E,1,1,8814.45780642962,-11824.427073528495,-39995.64570001938
991,-8685,14071,-7669,14581,22277,-28923,-15866,-32529,-30751,1,1,50601,2020-11-02 14:54:38,2020-11-02 14:55:08,0,DF:DC:EF:28:D6:3E,1,1,8991.014233540409,-14832.087308806027,5604.165960803521
992,24583,31739,5384,-19710,3343,5361,-13818,31985,-11552,1,1,50626,2020-11-02 14:54:38,2020-11-02 14:55:08,0,DF:DC:EF:28:D6:3E,1,1,-22871.219072310967,-29999.780018186626,14751.135651425951
993,24825,-31744,25345,26370,-7925,-6411,13320,25844,18911,1,1,50652,2020-11-02 14:54:38,2020-11-02 14:55:08,0,DF:DC:EF:28:D6:3E,1,1,-12076.222061311162,11656.83042830872,44549.01066344299
994,8957,-32510,11011,17407,22272,-20476,7944,6133,28639,1,1,50678,2020-11-02 14:54:38,2020-11-02 14:55:08,0,DF:DC:EF:28:D6:3E,1,1,-11694.516360675281,27507.68957334665,-19103.281692586082
995,-28417,-5119,1794,19202,-16900,-12280,-18425,22516,-27424,1,1,50703,2020-11-02 14:54:38,2020-11-02 14:55:08,0,DF:DC:EF:28:D6:3E,1,1,-22318.415549079262,17700.3053728562,5053.3160485224735
996,13825,-24577,-25854,31748,5629,-3574,-29689,26611,3810,1,1,50729,2020-11-02 14:54:38,2020-11-02 14:55:08,0,DF:DC:EF:28:D6:3E,1,1,14349.545812282542,17820.46266501107,30661.22168776304
997,17673,32255,-11516,16131,-26885,-22773,8199,19442,-6685,1,1,50754,2020-11-02 14:54:38,2020-11-02 14:55:08,0,DF:DC:EF:28:D6:3E,1,1,14960.725145059143,26890.158449771912,-23204.186942880704
998,32014,-17662,7688,-14847,4859,-12025,-27130,6129,23781,1,1,50780,2020-11-02 14:54:38,2020-11-02 14:55:08,0,DF:DC:EF:28:D6:3E,1,1,3143.420282500655,-5121.151078847866,-36876.01530202496
999,25874,-26618,-1528,-21502,27131,1025,-24314,12528,-10779,1,1,50806,2020-11-02 14:54:38,2020-11-02 14:55:08,0,DF:DC:EF:28:D6:3E,1,1,389.6735509188263,33735.153317634016,-15559.696949473058
1000,-32243,10503,27911,30211,-28420,-1032,-13049,-14353,-11292,1,1,50831,2020-11-02 14:54:38,2020-11-02 14:55:08,0,DF:DC:EF:28:D6:3E,1,1,35326.294466374995,-16134.37781715637,-20510.552179993007
582,24073,17155,11019,-28666,23039,18682,15104,-23061,-29968,1,-1,40128,2020-11-02 14:54:38,2020-11-02 14:55:08,0,DF:DC:EF:28:D6:3E,1,1,14354.608445872349,-11963.402275792068,-25417.394385602616
583,-30714,-31999,29194,-506,-13314,-28425,-9214,-26389,-25106,1,-1,40154,2020-11-02 14:54:38,2020-11-02 14:55:08,0,DF:DC:EF:28:D6:3E,1,1,-39752.34133834634,34893.480095547275,-4666.030212209013
584,-30717,19967,-3570,4614,28156,23289,25605,-30741,-24852,1,-1,40179,2020-11-02 14:54:38,2020-11-02 14:55:08,0,DF:DC:EF:28:D6:3E,1,1,25626.24893710283,-5570.1944281779015,25830.764166898585
585,-28666,21247,-22777,17925,18169,-18690,15367,-8726,26091,1,-1,40205,2020-11-02 14:54:38,2020-11-02 14:55:08,0,DF:DC:EF:28:D6:3E,1,1,34946.23728259209,22302.98507791769,-8561.755100617607
586,-11002,14588,-7415,-28925,-12548,7167,21512,10474,-15126,1,-1,40231,2020-11-02 14:54:38,2020-11-02 14:55:08,0,DF:DC:EF:28:D6:3E,1,1,-12998.302095647068,3787.804912918211,14336.409926197344
587,11278,-22017,-1530,4613,-3068,-27136,-13560,28394,1771,1,-1,40256,2020-11-02 14:54:38,2020-11-02 14:55:08,0,DF:DC:EF:28:D6:3E,1,1,-23004.839482219053,7771.079837215141,-4966.905632379546
588,-20202,-14844,26630,-17663,-16121,-5632,-26360,22507,-5141,1,-1,40282,2020-11-02 14:54:38,2020-11-02 14:55:08,0,DF:DC:EF:28:D6:3E,1,1,15958.07999796306,-10450.964541950672,31204.79230697588
589,-10979,-13818,9741,-12291,-16891,-13313,-5625,14572,-23572,1,-1,40307,2020-11-02 14:54:38,2020-11-02 14:55:08,0,DF:DC:EF:28:D6:3E,1,1,1681.4538494909539,19193.13694882343,5929.490114313445
590,28190,6154,-2798,-28675,6148,-5894,-16633,-532,22252,1,-1,40333,2020-11-02 14:54:38,2020-11-02 14:55:08,0,DF:DC:EF:28:D6:3E,1,1,-27187.4451778355,9032.264735034249,-4431.437516026341
591,14870,-19444,24849,-770,21763,-18697,31752,-5651,3819,1,-1,40358,2020-11-02 14:54:38,2020-11-02 14:55:08,0,DF:DC:EF:28:D6:3E,1,1,14870.0,18312.78176695736,25694.045243125773
592,7695,3341,-7667,32253,-26880,-14854,12041,-28946,-15639,1,-1,40384,2020-11-02 14:54:38,2020-11-02 14:55:08,0,DF:DC:EF:28:D6:3E,1,1,1681.1194026654043,-9738.387721899766,-5612.115210144372
593,5901,11274,12811,-16900,-27138,-32256,3081,-26642,21225,1,-1,40410,2020-11-02 14:54:38,2020-11-02 14:55:08,0,DF:DC:EF:28:D6:3E,1,1,-7370.806467243259,-10337.282117871664,-12839.719951695815
594,-7415,-9978,17161,-24582,27133,4100,9736,6638,-23319,1,-1,40435,2020-11-02 14:54:38,2020-11-02 14:55:08,0,DF:DC:EF:28:D6:3E,1,1,17145.558008256517,10488.618989484123,6712.774558924471
595,18695,-21502,-20984,-16903,-18433,26632,20230,-27155,-3606,1,-1,40461,2020-11-02 14:54:38,2020-11-02 14:55:08,0,DF:DC:EF:28:D6:3E,1,1,1205.5364282602604,24248.08091103103,-25743.8252606762
146,-20986,-17652,24857,14587,5117,-19971,32516,23541,18925,1,1,28964,2020-11-02 14:54:38,2020-11-02 14:55:08,0,DF:DC:EF:28:D6:3E,1,1,1727.7442665801275,-19265.39357401566,-31555.27308054196
147,-251,-3059,-14814,-12037,-21248,-4608,-9981,19701,11757,1,1,28990,2020-11-02 14:54:38,2020-11-02 14:55:08,0,DF:DC:EF:28:D6:3E,1,1,13053.2434079958,5404.475253580746,5411.059209161129
148,13577,-19958,11814,-32257,2051,-25602,-29693,-18699,16621,1,1,29015,2020-11-02 14:54:38,2020-11-02 14:55:08,0,DF:DC:EF:28:D6:3E,1,1,20115.38290367744,-3125.8308879021324,17545.023251585568
149,-5374,23815,22815,11776,30979,30971,-9981,27638,-17940,1,1,29041,2020-11-02 14:54:38,2020-11-02 14:55:08,0,DF:DC:EF:28:D6:3E,1,1,-4730.977438092597,-33063.98343344964,974.2576624415559
150,27896,20229,-7908,-24837,11522,26625,-28157,6647,-32532,1,1,29067,2020-11-02 14:54:38,2020-11-02 14:55:08,0,DF:DC:EF:28:D6:3E,1,1,16103.95437796932,28924.229305182613,-12409.163287405727
151,6908,-28933,20748,-1290,-24324,3085,-2815,-17930,-4371,1,1,29092,2020-11-02 14:54:38,2020-11-02 14:55:08,0,DF:DC:EF:28:D6:3E,1,1,-9766.826093742002,-28933.0,-19565.50730378848
152,-16127,-266,-14340,18165,-22265,-28919,30975,-2314,-3089,1,1,29118,2020-11-02 14:54:38,2020-11-02 14:55:08,0,DF:DC:EF:28:D6:3E,1,1,-16127.0,-13826.428240002624,-3812.6418824822695
153,29187,-11531,-14335,30975,-13043,23300,19454,-2056,-13328,1,1,29143,2020-11-02 14:54:38,2020-11-02 14:55:08,0,DF:DC:EF:28:D6:3E,1,1,73.56921318102422,-32132.07772656961,12564.287625829054
154,-4600,-16394,2054,30981,19203,-30972,-23810,8954,29425,1,1,29169,2020-11-02 14:54:38,2020-11-02 14:55:08,0,DF:DC:EF:28:D6:3E,1,1,4798.099199964294,16076.684287476955,-3558.176272768615
155,31494,29947,-28924,-12798,-25091,-14848,11519,-3591,-11279,1,1,29195,2020-11-02 14:54:38,2020-11-02 14:55:08,0,DF:DC:EF:28:D6:3E,1,1,28660.698903975263,-19024.49232761647,39267.36114143824
156,-6400,-21505,14343,22272,-4615,30979,12287,17913,7666,1,1,29220,2020-11-02 14:54:38,2020-11-02 14:55:08,0,DF:DC:EF:28:D6:3E,1,1,4921.232757080285,89.31907384187343,26170.979428628343
157,-8957,-11267,-11261,-28413,10485,16137,7679,-3081,22259,1,1,29246,2020-11-02 14:54:38,2020-11-02 14:55:08,0,DF:DC:EF:28:D6:3E,1,1,8389.217344661572,-4618.322981942037,-15565.197852211691
158,17416,-6917,11520,27909,11763,30986,9471,5878,9717,1,1,29271,2020-11-02 14:54:38,2020-11-02 14:55:08,0,DF:DC:EF:28:D6:3E,1,1,16569.604048826004,947.2923520902876,-14436.869600602482
739,-27906,-22532,-2812,13565,-8697,18689,-7933,-12817,7915,1,-1,44150,2020-11-02 14:54:38,2020-11-02 14:55:08,0,DF:DC:EF:28:D6:3E,1,1,9941.240005681984,-11428.866544232123,-32632.743688871153
740,30979,-27389,-29435,26363,6404,14088,-30974,-19984,26604,1,-1,44173,2020-11-02 14:54:38,2020-11-02 14:55:08,0,DF:DC:EF:28:D6:3E,1,1,32335.44062758405,6142.23041215531,38638.93466419567
741,-6390,-1788,-26359,-28932,23293,15368,-17664,-30736,12270,1,-1,44199,2020-11-02 14:54:38,2020-11-02 14:55:08,0,DF:DC:EF:28:D6:3E,1,1,-7986.927366112425,22136.821433543468,13601.325415850282
742,7689,16645,-22265,1538,3067,12803,6144,-9233,10479,1,-1,44225,2020-11-02 14:54:38,2020-11-02 14:55:08,0,DF:DC:EF:28:D6:3E,1,1,-21986.851138445494,17078.191185588956,7537.952894805713
743,-13561,-29950,30979,8709,7418,24577,-30976,239,32495,1,-1,44250,2020-11-02 14:54:38,2020-11-02 14:55:08,0,DF:DC:EF:28:D6:3E,1,1,-40479.75748226483,2167.453239505803,-19932.21118269571
744,7689,17408,26881,-5115,24570,-30722,29697,3566,27631,1,-1,44276,2020-11-02 14:54:38,2020-11-02 14:55:08,0,DF:DC:EF:28:D6:3E,1,1,18219.1977822851,-25895.610187792958,-9067.83056589893
745,15880,9473,2049,-15867,-7684,14330,7427,30445,26094,1,-1,44302,2020-11-02 14:54:38,2020-11-02 14:55:08,0,DF:DC:EF:28:D6:3E,1,1,5314.548710212888,960.6978629692247,17802.897562555958
746,-31225,30724,515,26883,-16641,-4871,-6908,26861,-4884,1,-1,44327,2020-11-02 14:54:38,2020-11-02 14:55:08,0,DF:DC:EF:28:D6:3E,1,1,39765.32068867807,17033.60560266879,-6914.1576999170775
747,8970,11271,-23033,-2048,-2049,6139,3334,-25107,-15893,1,-1,44378,2020-11-02 14:54:38,2020-11-02 14:55:08,0,DF:DC:EF:28:D6:3E,1,1,19942.67170249525,16491.342623316632,8266.855136439457
748,28428,24071,25611,27138,-5634,-2056,17927,-14099,28394,1,-1,44380,2020-11-02 14:54:38,2020-11-02 14:55:08,0,DF:DC:EF:28:D6:3E,1,1,-26087.950280004574,11781.508756314784,34987.175473491516
453,12555,-31510,-29425,5625,-24575,-12768,-30463,2802,-12306,1,1,36825,2020-11-02 14:54:38,2020-11-02 14:55:08,0,DF:DC:EF:28:D6:3E,1,1,12304.84985457924,-19438.770879266158,-38562.463701890934
454,3136,-14100,24339,-18441,-1802,-12277,31485,26609,-9741,1,1,36851,2020-11-02 14:54:38,2020-11-02 14:55:08,0,DF:DC:EF:28:D6:3E,1,1,6814.424548448511,25181.237286136933,-10977.263949307642
455,9481,-17935,9984,-1797,14083,-15636,-28931,-21264,-12303,1,1,36876,2020-11-02 14:54:38,2020-11-02 14:55:08,0,DF:DC:EF:28:D6:3E,1,1,-10269.232689973687,12792.58647794482,15560.412371254142
456,-32031,-26871,7947,2562,-24568,30454,-26369,-21519,13806,1,1,36927,2020-11-02 14:54:38,2020-11-02 14:55:08,0,DF:DC:EF:28:D6:3E,1,1,-25197.68301856978,27303.920219644613,20754.833705307345
457,32266,-12036,-6144,-18435,6914,-28659,15871,-1038,-26385,1,1,36929,2020-11-02 14:54:38,2020-11-02 14:55:08,0,DF:DC:EF:28:D6:3E,1,1,-29109.140719723862,17493.330085208814,-8387.497665528263
458,17427,-21759,-15343,21238,-7425,-29175,-24068,1267,-9487,1,1,36953,2020-11-02 14:54:38,2020-11-02 14:55:08,0,DF:DC:EF:28:D6:3E,1,1,31154.621951700472,-706.0088009828397,-6438.411420494811
459,11285,27400,19217,4350,-18173,-5380,-19205,20979,8690,1,1,36979,2020-11-02 14:54:38,2020-11-02 14:55:08,0,DF:DC:EF:28:D6:3E,1,1,12761.879167811057,-25310.164387796987,21069.749233649723
460,-9719,7691,-7661,-1532,774,1777,15613,-4877,240,1,1,37004,2020-11-02 14:54:38,2020-11-02 14:55:08,0,DF:DC:EF:28:D6:3E,1,1,-9719.0,3765.542267027476,10181.507424503976
461,-19205,20248,-29418,17925,22788,-270,-25601,30964,26349,1,1,37030,2020-11-02 14:54:38,2020-11-02 14:55:08,0,DF:DC:EF:28:D6:3E,1,1,32051.175964571798,23296.747171952597,-8614.867584250727
462,12812,-29433,11021,-24313,10754,4863,11265,-6924,-29972,1,1,37055,2020-11-02 14:54:38,2020-11-02 14:55:08,0,DF:DC:EF:28:D6:3E,1,1,30596.417613374517,14676.18275665634,616.5735326855953
463,3850,-12286,-17904,19974,-22014,-3078,31746,9205,-8981,1,1,37081,2020-11-02 14:54:38,2020-11-02 14:55:08,0,DF:DC:EF:28:D6:3E,1,1,-13208.179215924585,-17655.58678580736,381.7971304791809
464,2320,11263,-7155,-30456,26376,-26628,-3837,14070,21739,1,1,37107,2020-11-02 14:54:38,2020-11-02 14:55:08,0,DF:DC:EF:28:D6:3E,1,1,5807.278199923727,-12204.661336191477,867.9605852592223
465,-9717,20989,-6380,-27643,-19201,14845,12549,-22026,-7190,1,1,37132,2020-11-02 14:54:38,2020-11-02 14:55:08,0,DF:DC:EF:28:D6:3E,1,1,1071.7442629878103,-7097.933930555212,-22893.95789618356
466,-32511,-17403,30481,25348,-26371,-1279,-5627,21494,-14358,1,1,37158,2020-11-02 14:54:38,2020-11-02 14:55:08,0,DF:DC:EF:28:D6:3E,1,1,-31008.504771923173,-25935.445498932568,-25588.008706843837
467,-26867,-21758,23822,15106,-30209,32260,8710,8438,28907,1,1,37184,2020-11-02 14:54:38,2020-11-02 14:55:08,0,DF:DC:EF:28:D6:3E,1,1,-35910.80927634936,9286.84717850218,19669.82927228415
468,-8440,-32508,1818,-11267,8699,30721,-8443,-31499,-19733,1,1,37209,2020-11-02 14:54:38,2020-11-02 14:55:08,0,DF:DC:EF:28:D6:3E,1,1,-26793.53923301007,12377.112633017574,16131.401868366773
469,-21235,-4604,21790,-15615,6909,-24063,-16635,-6156,-10517,1,1,37235,2020-11-02 14:54:38,2020-11-02 14:55:08,0,DF:DC:EF:28:D6:3E,1,1,14305.046643984408,17938.567304807286,-20506.086524842558
470,18189,-23549,13079,-6397,11520,-1541,28934,-10764,32747,1,1,37260,2020-11-02 14:54:38,2020-11-02 14:55:08,0,DF:DC:EF:28:D6:3E,1,1,2133.0745213026494,13453.86533799323,29510.995638129767
471,7,2820,29457,-31998,-11778,8700,17415,-2060,-16150,1,1,37286,2020-11-02 14:54:38,2020-11-02 14:55:08,0,DF:DC:EF:28:D6:3E,1,1,-6321.394357093757,2885.3356304223767,-28764.250549630495
472,-26618,20735,22023,-3,-2310,14080,29959,-29452,22250,1,1,37312,2020-11-02 14:54:38,2020-11-02 14:55:08,0,DF:DC:EF:28:D6:3E,1,1,16609.92702385222,-29640.747634685576,21656.57133341252
473,22022,10754,-29940,-7172,22012,-26881,-762,-9741,9194,1,1,37337,2020-11-02 14:54:38,2020-11-02 14:55:08,0,DF:DC:EF:28:D6:3E,1,1,10991.810691735756,37022.403107194266,2354.222989747393
474,8709,11264,-32761,-29952,-14846,-22022,12295,8180,-21783,1,1,37363,2020-11-02 14:54:38,2020-11-02 14:55:08,0,DF:DC:EF:28:D6:3E,1,1,-21005.667541374332,-28350.048209949386,5571.731834429811
351,-12287,-28159,-20463,20225,23553,-12803,-13310,-12043,10225,1,-1,34213,2020-11-02 14:54:38,2020-11-02 14:55:08,0,DF:DC:EF:28:D6:3E,1,1,-8203.965919077025,-25526.5868871288,-25371.683509229082
352,-13312,17147,-8441,-20226,19202,19712,-10494,12790,4337,1,-1,34239,2020-11-02 14:54:38,2020-11-02 14:55:08,0,DF:DC:EF:28:D6:3E,1,1,-11727.261086247254,2161.7070559575377,20006.9438950384
353,25605,23288,-21495,16380,-16643,-5632,13058,10230,16881,1,-1,34265,2020-11-02 14:54:38,2020-11-02 14:55:08,0,DF:DC:EF:28:D6:3E,1,1,-25265.049230631317,31525.70785538784,-5271.529720158489
354,20478,-1540,8965,-15617,-8451,23551,-4863,-20747,13297,1,-1,34290,2020-11-02 14:54:38,2020-11-02 14:55:08,0,DF:DC:EF:28:D6:3E,1,1,10363.374835829527,-18943.77027315635,-5985.427206973032
355,-772,-24575,-20731,-14849,510,17155,-7679,25077,25073,1,-1,34316,2020-11-02 14:54:38,2020-11-02 14:55:08,0,DF:DC:EF:28:D6:3E,1,1,-18892.035372089416,25128.25661790757,-6779.578810243806
356,25860,23040,-5115,-5633,-3074,-1021,-30463,7157,2290,1,-1,34341,2020-11-02 14:54:38,2020-11-02 14:55:08,0,DF:DC:EF:28:D6:3E,1,1,31342.436599204844,11440.474417974685,-10607.150329682863
357,-6394,-1533,-24062,-23038,26371,13827,30465,19189,-20238,1,-1,34367,2020-11-02 14:54:38,2020-11-02 14:55:08,0,DF:DC:EF:28:D6:3E,1,1,-8835.985040119585,22486.59037682145,6204.175255086183
358,-4092,19462,-2813,11269,20231,-18942,-5375,6646,13299,1,-1,34393,2020-11-02 14:54:38,2020-11-02 14:55:08,0,DF:DC:EF:28:D6:3E,1,1,-15791.636741847016,-12261.790543959994,1923.4288834268357
359,-24313,-6650,-30458,-14588,-16635,29439,-24318,2551,32755,1,-1,34418,2020-11-02 14:54:38,2020-11-02 14:55:08,0,DF:DC:EF:28:D6:3E,1,1,19375.37284705532,31085.93805953261,14875.940810466169
360,-19707,-8183,-19444,20485,1796,2299,-26621,-11785,1523,1,-1,34444,2020-11-02 14:54:38,2020-11-02 14:55:08,0,DF:DC:EF:28:D6:3E,1,1,2275.540160307908,20064.03346829429,-20631.358461380878
361,-24058,28426,16400,16134,32256,-23814,-11004,19704,13554,1,-1,34469,2020-11-02 14:54:38,2020-11-02 14:55:08,0,DF:DC:EF:28:D6:3E,1,1,-35541.10531166392,7590.297057614419,18303.061596421096
362,-1017,-13815,-19698,-29691,19964,14585,8198,12792,10481,1,-1,34495,2020-11-02 14:54:38,2020-11-02 14:55:08,0,DF:DC:EF:28:D6:3E,1,1,-18378.05887958698,-11759.313502979112,10191.428543491209
363,-13819,1290,24077,23813,-2307,-22538,30727,7672,-18193,1,-1,34521,2020-11-02 14:54:38,2020-11-02 14:55:08,0,DF:DC:EF:28:D6:3E,1,1,6042.520980459343,-22829.691587015444,14650.048199322242
364,23299,-21239,-23026,-22008,2815,-28680,8201,30200,21230,1,-1,34546,2020-11-02 14:54:38,2020-11-02 14:55:08,0,DF:DC:EF:28:D6:3E,1,1,-36434.76346550337,-2786.4414300256562,13743.323956374512
365,29191,4360,5900,-21243,7935,9985,29450,30712,-11283,1,-1,34572,2020-11-02 14:54:38,2020-11-02 14:55:08,0,DF:DC:EF:28:D6:3E,1,1,11574.420843863601,-5265.790884166821,27280.731469177314
366,18444,-9977,1035,254,29949,9733,30218,-9737,22766,1,-1,34598,2020-11-02 14:54:38,2020-11-02 14:55:08,0,DF:DC:EF:28:D6:3E,1,1,-1391.763314843694,2054.577845067593,20847.891853950434
367,31496,18698,2578,-16900,-15615,2051,-17399,-24585,-2066,1,-1,34625,2020-11-02 14:54:38,2020-11-02 14:55:08,0,DF:DC:EF:28:D6:3E,1,1,-24515.617226180537,-18147.072320656796,-20443.277188558888
368,-27130,5644,6169,27646,-3078,-768,26377,12791,2031,1,-1,34649,2020-11-02 14:54:38,2020-11-02 14:55:08,0,DF:DC:EF:28:D6:3E,1,1,3739.5117366222025,979.5499974003827,28124.806324208843
369,-10744,-16886,6680,-20483,17403,21759,15625,30966,-18706,1,-1,34674,2020-11-02 14:54:38,2020-11-02 14:55:08,0,DF:DC:EF:28:D6:3E,1,1,-14063.708063261678,-2967.3146777032634,-15446.685441052883
370,31753,26377,-30443,-18179,-12294,2816,4873,-11019,21486,1,-1,34700,2020-11-02 14:54:38,2020-11-02 14:55:08,0,DF:DC:EF:28:D6:3E,1,1,-46067.39061443371,-20076.889000115192,10270.805083061356
371,-29944,30467,26132,-22534,-22275,6911,-27128,23541,-531,1,-1,34725,2020-11-02 14:54:38,2020-11-02 14:55:08,0,DF:DC:EF:28:D6:3E,1,1,15049.68466849759,-39691.32300423844,-26568.186211181237
372,-2044,-20228,21517,-27910,20733,19459,-17913,-3852,1262,1,-1,34751,2020-11-02 14:54:38,2020-11-02 14:55:08,0,DF:DC:EF:28:D6:3E,1,1,-2044.0,23062.04743465797,-18447.09302631679
571,20492,23821,25120,1274,8451,-1028,-16632,-1551,-6167,1,1,39846,2020-11-02 14:54:38,2020-11-02 14:55:08,0,DF:DC:EF:28:D6:3E,1,1,21950.847262297946,-10258.115566981429,-32113.98253847878
572,27915,4105,25613,29952,17664,763,-13816,28402,26089,1,1,39872,2020-11-02 14:54:38,2020-11-02 14:55:08,0,DF:DC:EF:28:D6:3E,1,1,21140.51347730448,-8540.370776004342,30533.01124888076
573,21254,3334,15355,25341,13054,27394,1801,30706,-5656,1,1,39898,2020-11-02 14:54:38,2020-11-02 14:55:08,0,DF:DC:EF:28:D6:3E,1,1,-8695.326147617081,3334.0,24736.609391478185
574,-23795,23044,20731,-10512,16626,5906,28934,-29968,-22806,1,1,39923,2020-11-02 14:54:38,2020-11-02 14:55:08,0,DF:DC:EF:28:D6:3E,1,1,25805.151175966537,-23004.767688768934,18217.49594130009
575,-22514,-3073,22274,13044,3060,8976,1282,-21011,-12307,1,1,39949,2020-11-02 14:54:38,2020-11-02 14:55:08,0,DF:DC:EF:28:D6:3E,1,1,-10761.561982434678,-16130.02918620655,-25228.268730738168
576,27917,-13315,8968,-22019,21506,-9463,17663,15341,25584,1,1,39974,2020-11-02 14:54:38,2020-11-02 14:55:08,0,DF:DC:EF:28:D6:3E,1,1,23005.60085995639,8405.972461965857,-20908.25420835144
577,-27631,-7682,-7672,-6916,-4099,28168,22525,30701,-29710,1,1,40000,2020-11-02 14:54:38,2020-11-02 14:55:08,0,DF:DC:EF:28:D6:3E,1,1,-12325.343275734467,-11038.749471751074,-24649.072847375464
578,15372,26882,8203,11773,11769,-14593,3324,-25364,-28685,1,1,40026,2020-11-02 14:54:38,2020-11-02 14:55:08,0,DF:DC:EF:28:D6:3E,1,1,-26866.99674446707,3943.368879458991,-16995.40657981768
579,1537,7686,-26101,12290,-29955,13563,-19204,-7445,-13326,1,1,40051,2020-11-02 14:54:38,2020-11-02 14:55:08,0,DF:DC:EF:28:D6:3E,1,1,-1945.142524652264,22885.533975907623,14668.603246266059
580,20993,3593,-10742,-19710,-25857,-11779,-7939,-17173,-5391,1,1,40077,2020-11-02 14:54:38,2020-11-02 14:55:08,0,DF:DC:EF:28:D6:3E,1,1,-709.4997043065869,-7097.775133822199,22762.347425502583
581,-12538,12807,11532,16643,-28673,-28418,-23298,-19989,-31247,1,1,40103,2020-11-02 14:54:38,2020-11-02 14:55:08,0,DF:DC:EF:28:D6:3E,1,1,19831.03701483379,6760.867874737082,-3902.3523029885573
797,-13579,-12541,24064,8,-5115,-15611,-1526,25069,-16660,1,-1,45633,2020-11-02 14:54:38,2020-11-02 14:55:08,0,DF:DC:EF:28:D6:3E,1,1,-7518.406879059585,13707.97869899556,-26005.901176248317
798,6918,-3846,-19453,-15616,17407,-20460,-1528,-13332,17648,1,-1,45659,2020-11-02 14:54:38,2020-11-02 14:55:08,0,DF:DC:EF:28:D6:3E,1,1,-14118.703764731577,5897.450343434422,14385.824010131628
799,28177,29431,12803,14591,-31492,-27376,26117,13547,-29196,1,-1,45684,2020-11-02 14:54:38,2020-11-02 14:55:08,0,DF:DC:EF:28:D6:3E,1,1,-2073.912953378911,-40670.801833889614,-12869.679959124422
800,22035,-30472,-28934,-18428,19206,15362,4,13291,-14090,1,-1,45710,2020-11-02 14:54:38,2020-11-02 14:55:08,0,DF:DC:EF:28:D6:3E,1,1,-12943.468083477217,44942.16015835349,-7995.576231448878
801,-3832,10239,-20745,-7167,23303,2812,-12540,23276,-32266,1,-1,45736,2020-11-02 14:54:38,2020-11-02 14:55:08,0,DF:DC:EF:28:D6:3E,1,1,23030.368154742468,-3666.063205412036,-2457.3345785521906
802,-24570,9475,-28414,21244,-25852,-28417,-21500,14829,19702,1,-1,45761,2020-11-02 14:54:38,2020-11-02 14:55:08,0,DF:DC:EF:28:D6:3E,1,1,-32351.388367115167,18136.8960502982,11191.809209451494
803,30731,14854,11531,9980,-26366,19200,-5885,-16915,-31242,1,-1,45787,2020-11-02 14:54:38,2020-11-02 14:55:08,0,DF:DC:EF:28:D6:3E,1,1,-19011.100006671928,-1768.1345380668838,30552.43713342053
804,32526,-8695,-20214,-30723,-12289,-11779,-24317,-8467,19958,1,-1,45812,2020-11-02 14:54:38,2020-11-02 14:55:08,0,DF:DC:EF:28:D6:3E,1,1,-14833.820135750928,-19079.021478756604,30953.161657467797
805,-1779,15625,-9717,-3840,-4609,3834,18948,-3347,18677,1,-1,45838,2020-11-02 14:54:38,2020-11-02 14:55:08,0,DF:DC:EF:28:D6:3E,1,1,3750.6175688221037,13705.237672117995,11824.757215401953
806,14857,-14331,19721,-1020,-17150,12280,6,28142,-18957,1,-1,45864,2020-11-02 14:54:38,2020-11-02 14:55:08,0,DF:DC:EF:28:D6:3E,1,1,22367.14874238964,17664.22702278328,-1646.691174261401
807,-12535,-511,20746,-28157,1024,-8964,27399,-4370,-21518,1,-1,45889,2020-11-02 14:54:38,2020-11-02 14:55:08,0,DF:DC:EF:28:D6:3E,1,1,14672.363971065237,-14105.230478025896,-13173.764483334144
808,-14576,-1538,-13294,-23298,19967,9473,32263,-7442,-24590,1,-1,45915,2020-11-02 14:54:38,2020-11-02 14:55:08,0,DF:DC:EF:28:D6:3E,1,1,13862.630059531772,4119.888333755758,-13505.912185037683
809,10521,-1283,-18668,-25091,-12292,8193,1031,28654,-9998,1,-1,45940,2020-11-02 14:54:38,2020-11-02 14:55:08,0,DF:DC:EF:28:D6:3E,1,1,10204.935003255669,-18267.841169456202,4793.436615503373
810,7185,770,25620,5627,14335,32255,29190,10478,-18446,1,-1,45966,2020-11-02 14:54:38,2020-11-02 14:55:08,0,DF:DC:EF:28:D6:3E,1,1,-5784.4410235878995,-25861.165868896263,-2518.3063646165538
811,-11248,-24056,-9961,29945,6911,-32254,21509,10734,-3086,1,-1,45991,2020-11-02 14:54:38,2020-11-02 14:55:08,0,DF:DC:EF:28:D6:3E,1,1,-635.9209959768888,25220.955898504653,12958.747973957945
812,-12524,-10744,28949,4602,8192,4099,-3581,-2067,-25101,1,-1,46017,2020-11-02 14:54:38,2020-11-02 14:55:08,0,DF:DC:EF:28:D6:3E,1,1,16317.318717284255,-2455.447388677847,28949.0
501,24845,2313,31758,-18174,8702,21762,12035,-31245,24044,1,1,38054,2020-11-02 14:54:38,2020-11-02 14:55:08,0,DF:DC:EF:28:D6:3E,1,1,-20224.17239729293,22235.834198230816,-26976.75084870977
502,11532,-32759,14088,-9211,3330,-32263,15876,-25101,-11029,1,1,38080,2020-11-02 14:54:38,2020-11-02 14:55:08,0,DF:DC:EF:28:D6:3E,1,1,-17958.202931621283,29490.303118320666,14575.178162076641
503,15365,11526,-22264,-11512,-2300,2293,16646,-26380,17898,1,1,38105,2020-11-02 14:54:38,2020-11-02 14:55:08,0,DF:DC:EF:28:D6:3E,1,1,-7031.32144793247,-14601.958482555194,-24534.891973872218
504,-10492,-10489,18187,30216,-25857,2809,17928,23541,-6936,1,1,38131,2020-11-02 14:54:38,2020-11-02 14:55:08,0,DF:DC:EF:28:D6:3E,1,1,18251.133225142352,-13955.737846515112,4796.005750356309
505,-11260,-15864,-16119,1287,-28675,2303,-16887,16885,14568,1,1,38157,2020-11-02 14:54:38,2020-11-02 14:55:08,0,DF:DC:EF:28:D6:3E,1,1,-2622.1434574550603,25086.145537642115,1444.2723956249688
506,5892,-30202,-7159,-6395,22780,-24832,-11510,-9484,1512,1,1,38182,2020-11-02 14:54:38,2020-11-02 14:55:08,0,DF:DC:EF:28:D6:3E,1,1,-22432.426947172597,6058.80647875174,21405.71966351052
507,18432,32004,20740,-7421,9978,27651,-22261,756,-11289,1,1,38208,2020-11-02 14:54:38,2020-11-02 14:55:08,0,DF:DC:EF:28:D6:3E,1,1,-14239.237198858682,-31047.407651626934,-25048.849117441227
508,-23548,4356,-21247,-2818,16895,10505,28683,2803,-24856,1,1,38233,2020-11-02 14:54:38,2020-11-02 14:55:08,0,DF:DC:EF:28:D6:3E,1,1,29876.16412356333,-5311.340712642621,-10204.0445949698
509,-12530,-17150,-9718,23291,-16637,-19191,-7671,-22286,30442,1,1,38259,2020-11-02 14:54:38,2020-11-02 14:55:08,0,DF:DC:EF:28:D6:3E,1,1,-13575.875391586382,-15600.821470020415,-10856.928700726983
510,-7918,11011,30227,30457,8709,8965,6408,-11022,-21,1,1,38284,2020-11-02 14:54:38,2020-11-02 14:55:08,0,DF:DC:EF:28:D6:3E,1,1,-25817.376726804167,-19485.8747678742,7167.434511524632
511,-15597,262,16156,7675,11015,27649,-15354,-30477,-12052,1,1,38310,2020-11-02 14:54:38,2020-11-02 14:55:08,0,DF:DC:EF:28:D6:3E,1,1,17878.153051079324,4024.973067245774,12981.62641159147
512,-22248,22020,6426,11514,7431,2306,-20987,-25100,-32531,1,1,38336,2020-11-02 14:54:38,2020-11-02 14:55:08,0,DF:DC:EF:28:D6:3E,1,1,22126.89842344561,1146.5131221750007,23026.79425841123
513,18962,1285,-4067,-780,5632,-27648,5636,-3596,-13843,1,1,38361,2020-11-02 14:54:38,2020-11-02 14:55:08,0,DF:DC:EF:28:D6:3E,1,1,-6722.5291211359145,-17776.846492431654,-4067.0
514,-17141,8705,-28650,-12554,25089,-22786,-30974,-3084,-11539,1,1,38387,2020-11-02 14:54:38,2020-11-02 14:55:08,0,DF:DC:EF:28:D6:3E,1,1,34359.774568366745,3125.807271690553,220.51419742118745
515,30209,23551,-3571,23037,16648,23032,770,-7179,2541,1,1,38413,2020-11-02 14:54:38,2020-11-02 14:55:08,0,DF:DC:EF:28:D6:3E,1,1,19326.885244719637,23551.0,23490.577445806623
516,-13323,15104,-31998,-7170,-18424,-3080,23810,32503,-11029,1,1,38438,2020-11-02 14:54:38,2020-11-02 14:55:08,0,DF:DC:EF:28:D6:3E,1,1,-35640.69048214355,-7584.9992321603795,-10085.3417197519
517,17907,-3072,-4095,-1541,3074,-26623,770,20984,-29973,1,1,38464,2020-11-02 14:54:38,2020-11-02 14:55:08,0,DF:DC:EF:28:D6:3E,1,1,-2246.8144105008905,-18425.17313457636,1526.9832892507818
518,-29954,13821,18691,-263,-6149,-249,-7936,4088,-31764,1,1,38489,2020-11-02 14:54:38,2020-11-02 14:55:08,0,DF:DC:EF:28:D6:3E,1,1,-30739.499420166474,-22143.945017858106,-1531.1800820485366
519,-14586,-772,12804,23546,9721,32262,32767,4087,-15379,1,1,38515,2020-11-02 14:54:38,2020-11-02 14:55:08,0,DF:DC:EF:28:D6:3E,1,1,17035.207449424164,8244.664604593692,4372.300162711092
520,7179,22785,-23801,-19460,-24581,11520,-25090,13046,19950,1,1,38541,2020-11-02 14:54:38,2020-11-02 14:55:08,0,DF:DC:EF:28:D6:3E,1,1,-27010.07476087729,699.2736620562628,-20177.9271670153
521,-12793,7433,1548,19968,14078,-32005,-21506,-16907,-11283,1,1,38566,2020-11-02 14:54:38,2020-11-02 14:55:08,0,DF:DC:EF:28:D6:3E,1,1,-1863.538112572692,-10312.832544713769,-10558.378313343459
522,-24572,-27892,-28917,14595,12798,-17926,-32513,29173,-6932,1,1,38592,2020-11-02 14:54:38,2020-11-02 14:55:08,0,DF:DC:EF:28:D6:3E,1,1,31017.081227213603,-11628.057560371684,-33476.389986333896
523,-19449,16906,16654,11780,-20995,-19205,-30720,8949,4076,1,1,38617,2020-11-02 14:54:38,2020-11-02 14:55:08,0,DF:DC:EF:28:D6:3E,1,1,7108.430938312867,-11174.331962798606,27677.367428648522
524,27659,-1786,-6643,11526,-24067,26618,-11263,-14604,11499,1,1,38643,2020-11-02 14:54:38,2020-11-02 14:55:08,0,DF:DC:EF:28:D6:3E,1,1,9960.781868077043,-6013.362187775576,26018.490074852896
525,11531,-1276,-18418,-1530,26878,-11016,30979,-27148,-2327,1,1,38669,2020-11-02 14:54:38,2020-11-02 14:55:08,0,DF:DC:EF:28:D6:3E,1,1,-10565.057782456595,-18023.42023939676,-6111.525008331108
526,-10997,-30460,-29939,-23034,16382,-7432,11269,-29964,-21272,1,1,38694,2020-11-02 14:54:38,2020-11-02 14:55:08,0,DF:DC:EF:28:D6:3E,1,1,44009.77536537617,-2550.051370908648,-1313.8646409943874
527,15878,-9983,7695,262,24318,-29189,-20474,28916,-29977,1,1,38721,2020-11-02 14:54:38,2020-11-02 14:55:08,0,DF:DC:EF:28:D6:3E,1,1,-7551.876684041949,13140.051353357918,13464.486881427762
196,22532,8706,29188,21760,-2313,8447,10497,10227,-28175,1,-1,30244,2020-11-02 14:54:38,2020-11-02 14:55:08,0,DF:DC:EF:28:D6:3E,1,1,-5633.118762432261,36901.05861293545,-6481.099463288325
197,15618,-19965,11266,3585,1018,-6145,28673,5874,27121,1,-1,30270,2020-11-02 14:54:38,2020-11-02 14:55:08,0,DF:DC:EF:28:D6:3E,1,1,-13913.68345388958,-23973.05688030192,-1071.3830121707683
198,23301,23301,1798,-13057,11005,29952,32513,31473,27377,1,-1,30296,2020-11-02 14:54:38,2020-11-02 14:55:08,0,DF:DC:EF:28:D6:3E,1,1,-11698.676634567883,-26294.674268305556,16150.451266869453
199,-21752,-6138,4872,-12033,19710,-25092,-21503,10993,6641,1,-1,30321,2020-11-02 14:54:38,2020-11-02 14:55:08,0,DF:DC:EF:28:D6:3E,1,1,-13840.856994610629,-9036.73534132695,16165.674252116753
200,-2813,-15864,-25592,-29438,-14080,15349,-8958,13809,-29713,1,-1,30347,2020-11-02 14:54:38,2020-11-02 14:55:08,0,DF:DC:EF:28:D6:3E,1,1,29078.329922552013,-7834.5472466415185,2756.90539470586
201,6140,2570,23817,-13051,-28156,9715,5,5106,14317,1,-1,30372,2020-11-02 14:54:38,2020-11-02 14:55:08,0,DF:DC:EF:28:D6:3E,1,1,-4892.035963341456,4513.588830783529,23817.0
202,-1285,30217,-4858,32516,13574,-29959,-18426,23283,-14613,1,-1,30398,2020-11-02 14:54:38,2020-11-02 14:55:08,0,DF:DC:EF:28:D6:3E,1,1,-28002.49239732746,12345.570207771889,-1328.8317359970065
203,3331,-764,-18932,21762,26369,-6145,20743,2036,-27669,1,-1,30424,2020-11-02 14:54:38,2020-11-02 14:55:08,0,DF:DC:EF:28:D6:3E,1,1,-4771.634810269796,280.1937711504463,18634.722259481896
204,21771,-7678,-31726,6400,26370,23044,13063,-269,3052,1,-1,30449,2020-11-02 14:54:38,2020-11-02 14:55:08,0,DF:DC:EF:28:D6:3E,1,1,21771.0,32043.545574480537,6221.0888931270565
205,5394,-29950,13333,-30464,-20987,-8190,-16890,-30476,-2836,1,-1,30475,2020-11-02 14:54:38,2020-11-02 14:55:08,0,DF:DC:EF:28:D6:3E,1,1,22324.320029681392,24587.26034645373,978.7690575771561
206,-7406,-27643,11030,17917,2051,13568,22022,5109,26093,1,-1,30500,2020-11-02 14:54:38,2020-11-02 14:55:08,0,DF:DC:EF:28:D6:3E,1,1,24373.81243098945,-11265.537659430534,-14820.597620301822
207,15633,-31733,25627,-29956,-17407,-10243,-10235,24053,19693,1,-1,30526,2020-11-02 14:54:38,2020-11-02 14:55:08,0,DF:DC:EF:28:D6:3E,1,1,39872.81868358274,-10147.36615080582,-14673.322644432485
596,22793,22782,11784,-25352,-29694,-25337,-13053,-30995,-6164,1,1,40486,2020-11-02 14:54:38,2020-11-02 14:55:08,0,DF:DC:EF:28:D6:3E,1,1,-8741.557233706058,15899.007515608326,-29124.041033971767
597,-23289,1534,-8699,6650,-19965,20479,9986,-2835,-18963,1,1,40512,2020-11-02 14:54:38,2020-11-02 14:55:08,0,DF:DC:EF:28:D6:3E,1,1,24205.891129186373,-4780.687024447938,-3409.273268051635
598,26366,-17924,8197,-9219,18950,14330,15106,-12306,-12308,1,1,40538,2020-11-02 14:54:38,2020-11-02 14:55:08,0,DF:DC:EF:28:D6:3E,1,1,-2887.0408422912715,-6321.52756811587,32176.541538526064
599,16636,24058,-24569,19199,-12024,-30204,2306,3824,-10772,1,1,40563,2020-11-02 14:54:38,2020-11-02 14:55:08,0,DF:DC:EF:28:D6:3E,1,1,29232.578112930747,-1000.11842868846,-24569.0
600,26635,12795,-2300,-27907,31745,5903,12800,-12048,20975,1,1,40589,2020-11-02 14:54:38,2020-11-02 14:55:08,0,DF:DC:EF:28:D6:3E,1,1,22764.345341194283,20.91944531478612,18979.18316376271
601,23568,-1028,-12543,23804,22777,-24312,6654,8944,-14351,1,1,40615,2020-11-02 14:54:38,2020-11-02 14:55:08,0,DF:DC:EF:28:D6:3E,1,1,6469.099363843329,-9892.67254978698,-23960.802161935502
602,-14581,-22017,-18172,29950,7419,28415,15869,8431,29426,1,1,40640,2020-11-02 14:54:38,2020-11-02 14:55:08,0,DF:DC:EF:28:D6:3E,1,1,19422.66026809226,24892.98078062366,5538.5205574928905
603,-24053,-9979,18692,-23552,-12801,17405,-28931,-14610,754,1,1,40666,2020-11-02 14:54:38,2020-11-02 14:55:08,0,DF:DC:EF:28:D6:3E,1,1,13889.453563003977,-20754.877490740917,-20095.67749705125
604,19211,10504,-19193,-31744,30466,7165,11006,-4882,20209,1,1,40692,2020-11-02 14:54:38,2020-11-02 14:55:08,0,DF:DC:EF:28:D6:3E,1,1,-22098.7871232154,-18896.21091023836,-1531.2109321050614
605,-25841,-13049,30476,13057,-6654,9469,-15362,24047,-21520,1,1,40717,2020-11-02 14:54:38,2020-11-02 14:55:08,0,DF:DC:EF:28:D6:3E,1,1,-12656.935396552273,-35281.272732024154,-19022.4614279023
606,-12016,-2298,-9203,29955,19200,27128,-1537,-29201,-32529,1,1,40743,2020-11-02 14:54:38,2020-11-02 14:55:08,0,DF:DC:EF:28:D6:3E,1,1,-1266.5634118902167,-12382.822177463126,8911.890991534201
607,-19705,-3325,-20723,10245,-7937,-16140,9474,-29457,21485,1,1,40769,2020-11-02 14:54:38,2020-11-02 14:55:08,0,DF:DC:EF:28:D6:3E,1,1,16611.765966828036,-18167.360520459304,14925.87090199397
608,-21498,-21244,2316,-22778,24577,26618,11524,-2833,-19477,1,1,40794,2020-11-02 14:54:38,2020-11-02 14:55:08,0,DF:DC:EF:28:D6:3E,1,1,22233.258277329864,-3633.495183183285,-20280.91060892797
555,-31479,-22269,-21505,-15109,20486,-13821,8965,28913,-17173,1,-1,39437,2020-11-02 14:54:38,2020-11-02 14:55:08,0,DF:DC:EF:28:D6:3E,1,1,-2884.64981938681,-20874.4735609536,-38797.370735303186
556,11016,26118,19,16123,-758,-11264,-3581,-11790,27884,1,-1,39462,2020-11-02 14:54:38,2020-11-02 14:55:08,0,DF:DC:EF:28:D6:3E,1,1,22773.94150840876,-13589.39941416927,10008.913664017316
557,-30201,16394,-13293,-24320,28165,-23297,-28413,7668,-23316,1,-1,39488,2020-11-02 14:54:38,2020-11-02 14:55:08,0,DF:DC:EF:28:D6:3E,1,1,-441.07027398302847,1513.7622439563766,36811.43119850384
558,-3833,2565,-26362,-8185,32258,19712,22276,-30220,-17684,1,-1,39514,2020-11-02 14:54:38,2020-11-02 14:55:08,0,DF:DC:EF:28:D6:3E,1,1,-23876.320418528576,-4596.298905519154,11181.302144333578
559,1288,11522,-3329,-1527,-11258,17150,-13307,23541,-12820,1,-1,39539,2020-11-02 14:54:38,2020-11-02 14:55:08,0,DF:DC:EF:28:D6:3E,1,1,-9625.386375227956,-2235.8552243697804,6917.40974232656
560,11525,5121,-9473,17158,27137,-8705,3335,-1035,-14356,1,-1,39565,2020-11-02 14:54:38,2020-11-02 14:55:08,0,DF:DC:EF:28:D6:3E,1,1,-139.58016843150014,-12610.7407941239,-9473.0
561,4104,-10752,-12031,-12287,-23557,31747,30983,32245,2029,1,-1,39590,2020-11-02 14:54:38,2020-11-02 14:55:08,0,DF:DC:EF:28:D6:3E,1,1,-5450.139938618922,-14586.753766572827,5892.017498518173
562,-28663,18433,-23547,-7425,-2566,-768,-32505,-28684,6893,1,-1,39616,2020-11-02 14:54:38,2020-11-02 14:55:08,0,DF:DC:EF:28:D6:3E,1,1,-22095.698556498905,17056.4619763627,30604.925700763022
563,24843,-26363,-28920,25855,-20228,-10243,-24825,4340,-18196,1,-1,39642,2020-11-02 14:54:38,2020-11-02 14:55:08,0,DF:DC:EF:28:D6:3E,1,1,-19073.947402860413,-42233.0984284543,-1048.2106684272549
564,-2806,18439,25355,-513,-10248,-12294,5896,31219,-16149,1,-1,39667,2020-11-02 14:54:38,2020-11-02 14:55:08,0,DF:DC:EF:28:D6:3E,1,1,1648.3613153079348,30930.700834324238,5596.519710653256
565,-7166,-24570,-11760,14083,13047,-30473,24329,-20238,-7703,1,-1,39693,2020-11-02 14:54:38,2020-11-02 14:55:08,0,DF:DC:EF:28:D6:3E,1,1,7854.116965549576,1019.8270042822533,-27029.74020542563
566,3070,-3322,-14840,16391,19448,29434,20491,11762,3560,1,-1,39718,2020-11-02 14:54:38,2020-11-02 14:55:08,0,DF:DC:EF:28:D6:3E,1,1,11655.08279708279,5382.975993315109,-8710.26971158402
567,-9476,10244,-16118,-26876,-23553,-9216,-18932,-13071,20711,1,-1,39745,2020-11-02 14:54:38,2020-11-02 14:55:08,0,DF:DC:EF:28:D6:3E,1,1,10911.03702768412,10986.234571619394,-14655.236501601088
568,4879,-7421,-24561,15617,1541,29449,13580,-12559,-16664,1,-1,39770,2020-11-02 14:54:38,2020-11-02 14:55:08,0,DF:DC:EF:28:D6:3E,1,1,25274.842701197133,-5861.225241785985,2991.1482903381548
569,-8423,21254,22036,-16134,-30977,4357,-5878,28913,16362,1,-1,39795,2020-11-02 14:54:38,2020-11-02 14:55:08,0,DF:DC:EF:28:D6:3E,1,1,-28694.23779196136,-9454.939688692844,-9772.899980126524
570,-19438,-17910,-10987,23031,-9472,-22531,-15863,17905,14058,1,-1,39821,2020-11-02 14:54:38,2020-11-02 14:55:08,0,DF:DC:EF:28:D6:3E,1,1,-6925.890051601968,21230.378828970985,-17905.897765024278
373,-23027,-10502,28169,5626,18687,-2811,22022,31988,-8978,1,1,34777,2020-11-02 14:54:38,2020-11-02 14:55:08,0,DF:DC:EF:28:D6:3E,1,1,17090.888624894436,-14732.114047492329,-30412.06398295145
374,-8190,16896,23045,7420,26111,9745,-20988,-9485,-23568,1,1,34802,2020-11-02 14:54:38,2020-11-02 14:55:08,0,DF:DC:EF:28:D6:3E,1,1,-769.6784581781138,21506.057377233406,-20506.58509255407
375,18433,5891,-26872,-7165,26372,3073,9476,1780,-19471,1,1,34828,2020-11-02 14:54:38,2020-11-02 14:55:08,0,DF:DC:EF:28:D6:3E,1,1,-14608.351074974385,-28138.051454658093,-9561.897991785334
376,-9728,-2566,-7947,25608,21771,4860,18949,24053,-12303,1,1,34853,2020-11-02 14:54:38,2020-11-02 14:55:08,0,DF:DC:EF:28:D6:3E,1,1,3047.280766545672,-2140.8714719190507,-12268.003027003377
377,-17668,-27654,10230,-4095,-6645,2811,11014,24567,31729,1,1,34879,2020-11-02 14:54:38,2020-11-02 14:55:08,0,DF:DC:EF:28:D6:3E,1,1,-15497.603992235665,-30630.58778737915,-1773.7537313563541
378,-18180,24316,-27653,-24838,-19193,4094,-16635,-4360,26353,1,1,34905,2020-11-02 14:54:38,2020-11-02 14:55:08,0,DF:DC:EF:28:D6:3E,1,1,-14804.512164833985,36808.64572890587,-10602.767759655146
379,-13569,11519,20738,-31241,1792,-11262,-31484,26873,-20751,1,1,34930,2020-11-02 14:54:38,2020-11-02 14:55:08,0,DF:DC:EF:28:D6:3E,1,1,1557.5137481605225,17008.67764566798,-21334.216687519733
380,-13821,-254,24842,8951,1531,15623,-5118,-15880,30706,1,1,34956,2020-11-02 14:54:38,2020-11-02 14:55:08,0,DF:DC:EF:28:D6:3E,1,1,-5019.6440692209335,16073.550800220757,-22905.31944966186
381,-9975,13066,528,-13577,15354,-2554,17409,-11017,-26637,1,1,34981,2020-11-02 14:54:38,2020-11-02 14:55:08,0,DF:DC:EF:28:D6:3E,1,1,14095.302351518609,3583.5939620939052,-7679.8483666097245
382,-4339,6926,-18415,-28165,4602,-17148,3328,-8970,30964,1,1,35007,2020-11-02 14:54:38,2020-11-02 14:55:08,0,DF:DC:EF:28:D6:3E,1,1,10372.040700773672,-10646.472320003526,-13600.809565643256
383,17934,8207,-10218,15616,12794,-18690,-11777,2294,-24076,1,1,35033,2020-11-02 14:54:38,2020-11-02 14:55:08,0,DF:DC:EF:28:D6:3E,1,1,-2106.1200200320536,21878.03051230168,-3210.415606119669
384,-12273,9740,27411,-23292,-12548,-3846,-19200,24053,1012,1,1,35058,2020-11-02 14:54:38,2020-11-02 14:55:08,0,DF:DC:EF:28:D6:3E,1,1,29599.51031895815,-5774.286375959317,9347.922535317704
385,-8184,13830,-4844,25094,-4612,-16134,4610,-8204,755,1,1,35084,2020-11-02 14:54:38,2020-11-02 14:55:08,0,DF:DC:EF:28:D6:3E,1,1,-345.74862081540505,13830.0,-9503.822909293094
386,-4343,-11775,22034,30985,-19454,3584,-29693,5109,-22286,1,1,35110,2020-11-02 14:54:38,2020-11-02 14:55:08,0,DF:DC:EF:28:D6:3E,1,1,846.4635104064038,24837.06969861185,-5041.120739661727
387,-9975,-1538,6162,8195,5889,-22268,16644,19445,12787,1,1,35135,2020-11-02 14:54:38,2020-11-02 14:55:08,0,DF:DC:EF:28:D6:3E,1,1,636.0937047246863,10536.32553582434,5330.81063272234
388,24332,-14593,-744,-16136,8959,20231,16387,-12,21236,1,1,35161,2020-11-02 14:54:38,2020-11-02 14:55:08,0,DF:DC:EF:28:D6:3E,1,1,-25040.96548150144,-3248.071911409849,-12959.764103276098
389,-20204,26115,-23776,1272,-23044,28931,26369,-29196,17653,1,1,35186,2020-11-02 14:54:38,2020-11-02 14:55:08,0,DF:DC:EF:28:D6:3E,1,1,14630.822400977746,33332.5127467751,18176.238523333777
893,23041,-13825,15870,19200,10502,-9729,17420,10998,-4634,1,-1,48091,2020-11-02 14:54:38,2020-11-02 14:55:08,0,DF:DC:EF:28:D6:3E,1,1,-2413.0939742099813,11447.071737591066,-28931.241454629548
894,27137,5633,-25604,3583,-5117,-20480,5132,-11786,25831,1,-1,48117,2020-11-02 14:54:38,2020-11-02 14:55:08,0,DF:DC:EF:28:D6:3E,1,1,-3573.252227369874,-12755.033378927092,35330.627874721555
895,-16125,27395,7170,-16900,-7169,-10749,-30965,-12810,-8985,1,-1,48143,2020-11-02 14:54:38,2020-11-02 14:55:08,0,DF:DC:EF:28:D6:3E,1,1,-9526.312803904955,16493.644837960794,-26440.86977240661
896,-1784,-25338,31237,-14085,-14341,-3834,-19446,1270,32488,1,-1,48168,2020-11-02 14:54:38,2020-11-02 14:55:08,0,DF:DC:EF:28:D6:3E,1,1,27775.112476631493,10076.65502054649,-27348.696852087203
897,6928,21770,-17146,11003,-11785,8711,-17911,-29196,9193,1,-1,48194,2020-11-02 14:54:38,2020-11-02 14:55:08,0,DF:DC:EF:28:D6:3E,1,1,28436.235755962647,-80.53455059174668,-2699.8907788042943
898,8468,-7922,-30201,25851,-13579,12803,777,-8974,14825,1,-1,48219,2020-11-02 14:54:38,2020-11-02 14:55:08,0,DF:DC:EF:28:D6:3E,1,1,-5276.183976631148,30565.22216760545,-9192.09364017042
899,9493,-9970,-12534,-16900,-6411,-6147,-6136,23025,29672,1,-1,48245,2020-11-02 14:54:38,2020-11-02 14:55:08,0,DF:DC:EF:28:D6:3E,1,1,-17386.652815257174,2604.055684745252,6127.1773984809315
900,11795,-4086,-13303,-5121,20987,20987,-25591,32752,5095,1,-1,48271,2020-11-02 14:54:38,2020-11-02 14:55:08,0,DF:DC:EF:28:D6:3E,1,1,-2027.178146577509,12738.531429930088,12899.906812482091
901,27925,-1531,-22002,19714,30721,-15620,26378,-22544,17894,1,-1,48296,2020-11-02 14:54:38,2020-11-02 14:55:08,0,DF:DC:EF:28:D6:3E,1,1,31748.544664853085,11282.999899076909,-11443.837422003984
902,-6886,-10746,-11500,6140,-5,-15617,24842,-23824,3814,1,-1,48322,2020-11-02 14:54:38,2020-11-02 14:55:08,0,DF:DC:EF:28:D6:3E,1,1,16344.571573004958,-1679.1743462408015,-5017.854682017509
903,-239,-23544,-25317,26616,-3590,-3584,-26103,-10001,-22043,1,-1,48347,2020-11-02 14:54:38,2020-11-02 14:55:08,0,DF:DC:EF:28:D6:3E,1,1,3945.58627748944,-34336.172377842435,-887.2211482923049
904,27150,-26101,-31203,5114,16379,7682,-31480,12015,-22299,1,-1,48373,2020-11-02 14:54:38,2020-11-02 14:55:08,0,DF:DC:EF:28:D6:3E,1,1,44861.670327558575,-16350.192771073962,-10588.372951977624
905,-5108,9483,-1767,30716,-10244,11265,-15609,-21010,-16667,1,-1,48399,2020-11-02 14:54:38,2020-11-02 14:55:08,0,DF:DC:EF:28:D6:3E,1,1,-7616.987009677319,-3299.454815706992,7087.760493520849
906,20234,1288,29715,13310,-2308,15872,30727,20462,-24347,1,-1,48424,2020-11-02 14:54:38,2020-11-02 14:55:08,0,DF:DC:EF:28:D6:3E,1,1,-9411.278487147374,-33255.602869130584,-9977.3563656928
907,20229,14082,-19195,-12291,-16383,-16129,14855,13550,-27931,1,-1,48450,2020-11-02 14:54:38,2020-11-02 14:55:08,0,DF:DC:EF:28:D6:3E,1,1,-15629.934495819463,359.5064110976282,-27046.97936548132
908,-8959,-7173,-25090,-23556,-29693,8961,-23034,-22034,-13851,1,-1,48475,2020-11-02 14:54:38,2020-11-02 14:55:08,0,DF:DC:EF:28:D6:3E,1,1,18482.58027118898,-16510.032071963222,-12125.872236742462
909,19973,-24328,11263,-29702,7682,-14846,20229,751,-28442,1,-1,48501,2020-11-02 14:54:38,2020-11-02 14:55:08,0,DF:DC:EF:28:D6:3E,1,1,-30079.57397568963,411.83578863404915,-14583.453045291268
910,5890,-12036,14078,-22534,-6656,-16131,29188,5871,-24346,1,-1,48527,2020-11-02 14:54:38,2020-11-02 14:55:08,0,DF:DC:EF:28:D6:3E,1,1,-18257.53208380658,5709.1782824815,3437.336984878701
911,18171,-18176,1543,3324,-9215,-8193,-6653,29679,18662,1,-1,48552,2020-11-02 14:54:38,2020-11-02 14:55:08,0,DF:DC:EF:28:D6:3E,1,1,11410.811625709684,6981.720747425548,21999.591347284986
912,31232,28673,12038,23807,30206,-21753,-2302,25071,18919,1,-1,48578,2020-11-02 14:54:38,2020-11-02 14:55:08,0,DF:DC:EF:28:D6:3E,1,1,25183.180616408456,-32552.621118064093,15767.893625501054
913,-6908,-30721,-2815,25345,7163,-8185,-3839,-24082,-3864,1,-1,48604,2020-11-02 14:54:38,2020-11-02 14:55:08,0,DF:DC:EF:28:D6:3E,1,1,2384.971108634013,-30721.0,7067.998430318236
914,17671,-14339,28676,-27391,-12290,-10491,10753,5614,22250,1,-1,48629,2020-11-02 14:54:38,2020-11-02 14:55:08,0,DF:DC:EF:28:D6:3E,1,1,-12995.616102380398,34052.135030384015,3427.856471914347
915,30732,-3072,28423,20226,29441,-3326,-14592,10478,20203,1,-1,48655,2020-11-02 14:54:38,2020-11-02 14:55:08,0,DF:DC:EF:28:D6:3E,1,1,-12739.62649899079,-25581.555150455973,-30741.598685663554
916,-24562,18180,-12279,-6398,-10750,510,11009,28654,21227,1,-1,48680,2020-11-02 14:54:38,2020-11-02 14:55:08,0,DF:DC:EF:28:D6:3E,1,1,12277.86341166389,-22109.02648445492,-21095.57069515295
917,-21492,10245,6157,15622,24070,14841,-27902,15855,22762,1,-1,48706,2020-11-02 14:54:38,2020-11-02 14:55:08,0,DF:DC:EF:28:D6:3E,1,1,-10608.532679361777,12983.2176715588,17990.826309089767
918,-19195,-26109,32013,18700,15881,19960,-2300,-16400,1001,1,-1,48732,2020-11-02 14:54:38,2020-11-02 14:55:08,0,DF:DC:EF:28:D6:3E,1,1,-21121.399997448152,-26109.0,-30776.072786302633
919,-8955,-16383,25092,-1527,-30461,-16129,775,-12303,-20504,1,-1,48757,2020-11-02 14:54:38,2020-11-02 14:55:08,0,DF:DC:EF:28:D6:3E,1,1,16586.48882334261,18912.956917078296,-18584.71487986488
920,-30712,16383,-9205,-16383,28419,773,18439,-271,24553,1,-1,48783,2020-11-02 14:54:38,2020-11-02 14:55:08,0,DF:DC:EF:28:D6:3E,1,1,8783.181351361354,32995.30550389402,11424.850023251904
921,12046,-27391,10770,-15359,-1274,13319,-26106,-28430,-4630,1,-1,48808,2020-11-02 14:54:38,2020-11-02 14:55:08,0,DF:DC:EF:28:D6:3E,1,1,-28889.680928015845,9753.18954460881,9034.79532609184
159,-5877,29181,26110,-23292,-27403,27655,9727,19444,-14858,1,1,29297,2020-11-02 14:54:38,2020-11-02 14:55:08,0,DF:DC:EF:28:D6:3E,1,1,-10333.229121049651,-7669.727472295916,-37445.98304802
160,10509,-3585,14592,2818,9210,-23551,13311,6899,-27913,1,1,29323,2020-11-02 14:54:38,2020-11-02 14:55:08,0,DF:DC:EF:28:D6:3E,1,1,10334.075635281744,6051.810634226552,-13885.252565644554
161,-17143,11521,8964,-32512,-17667,4348,-30465,-31246,15095,1,1,29348,2020-11-02 14:54:38,2020-11-02 14:55:08,0,DF:DC:EF:28:D6:3E,1,1,1444.7946241104125,9645.578850648437,20293.953856507742
162,-31483,25599,11272,9472,-23807,762,9984,32754,14838,1,1,29374,2020-11-02 14:54:38,2020-11-02 14:55:08,0,DF:DC:EF:28:D6:3E,1,1,10790.765702856612,-34022.01345977637,-22351.913781348765
163,-28406,-8961,21774,20736,-19453,19964,-22272,-2062,23541,1,1,29400,2020-11-02 14:54:38,2020-11-02 14:55:08,0,DF:DC:EF:28:D6:3E,1,1,27606.702536292203,13690.56663833752,-20291.52022875363
164,26893,-9216,-13807,23808,-25086,-29446,6657,-32269,-25356,1,1,29425,2020-11-02 14:54:38,2020-11-02 14:55:08,0,DF:DC:EF:28:D6:3E,1,1,-473.920259877912,-9607.83460689454,-30104.25663845292
165,24075,-30719,-21228,770,16644,14841,-7167,6644,31987,1,1,29451,2020-11-02 14:54:38,2020-11-02 14:55:08,0,DF:DC:EF:28:D6:3E,1,1,-25922.67696724404,-33851.56317414373,-12489.077608809685
166,32521,-20990,-22506,-25600,18948,16892,-28158,-13068,-23310,1,1,29476,2020-11-02 14:54:38,2020-11-02 14:55:08,0,DF:DC:EF:28:D6:3E,1,1,-15125.534332117117,-29535.260223925186,30059.976574724224
167,22541,-32253,-32224,3067,15364,-25087,11010,32245,-24078,1,1,29502,2020-11-02 14:54:38,2020-11-02 14:55:08,0,DF:DC:EF:28:D6:3E,1,1,-39436.34258530465,30836.882802376665,8977.773027147297
168,6166,29955,25131,-24327,-1,3,-3840,-18443,11251,1,1,29528,2020-11-02 14:54:38,2020-11-02 14:55:08,0,DF:DC:EF:28:D6:3E,1,1,-30420.602392104225,8063.903669013608,-24009.355462368654
169,23311,12038,-5336,-16130,512,15357,27648,-21259,8435,1,1,29553,2020-11-02 14:54:38,2020-11-02 14:55:08,0,DF:DC:EF:28:D6:3E,1,1,-2020.960557366756,-25184.863261911498,8855.92693648655
170,2052,-2299,-22255,1797,19201,25339,14593,-11019,24562,1,1,29579,2020-11-02 14:54:38,2020-11-02 14:55:08,0,DF:DC:EF:28:D6:3E,1,1,19258.46212369915,-10125.21718099907,5601.137711898042
171,16126,-12541,25336,-3579,-1532,16636,29186,25846,-20495,1,1,29604,2020-11-02 14:54:38,2020-11-02 14:55:08,0,DF:DC:EF:28:D6:3E,1,1,27756.43752105629,-16990.946220348073,-354.08427942819435
172,-13313,18684,5877,30209,-23544,32257,3075,-27913,-19471,1,1,29630,2020-11-02 14:54:38,2020-11-02 14:55:08,0,DF:DC:EF:28:D6:3E,1,1,-10381.404033650084,-20352.703571079142,6233.848060219001
173,-11004,-25095,13823,5882,13571,26885,16898,20472,-31502,1,1,29656,2020-11-02 14:54:38,2020-11-02 14:55:08,0,DF:DC:EF:28:D6:3E,1,1,3985.149489570361,5976.979670663119,29838.174668740332
174,11269,11004,-23286,-264,11519,19717,-11776,20472,27379,1,1,29681,2020-11-02 14:54:38,2020-11-02 14:55:08,0,DF:DC:EF:28:D6:3E,1,1,-12168.7713712667,25310.15771249034,-1277.9252257881035
175,23301,-28419,-4600,-14597,-7686,2052,-16897,-13065,11252,1,1,29707,2020-11-02 14:54:38,2020-11-02 14:55:08,0,DF:DC:EF:28:D6:3E,1,1,-25307.27552542936,-25266.650033665377,9637.134613373511
176,-13307,-2564,-11258,-6404,9978,17154,767,-9994,-19212,1,1,29732,2020-11-02 14:54:38,2020-11-02 14:55:08,0,DF:DC:EF:28:D6:3E,1,1,-2622.4573539731355,2216.096389219508,-17280.177754302196
177,-30712,-769,13577,-2820,25082,-28673,29694,1270,-6412,1,1,29758,2020-11-02 14:54:38,2020-11-02 14:55:08,0,DF:DC:EF:28:D6:3E,1,1,-5821.944007052082,32759.763231346387,4588.6942592501755
178,-16889,26884,14602,23806,1788,-29703,24318,11509,19956,1,1,29784,2020-11-02 14:54:38,2020-11-02 14:55:08,0,DF:DC:EF:28:D6:3E,1,1,20869.62916745809,3612.7575135918846,27795.912335463432
179,-23292,13578,-22004,-29694,19968,-14093,23551,-6156,-30222,1,1,29809,2020-11-02 14:54:38,2020-11-02 14:55:08,0,DF:DC:EF:28:D6:3E,1,1,19929.17776809407,-22622.976144881166,-17380.569260983444
180,-2049,-501,8203,23557,-25087,28658,15105,8949,10992,1,1,29835,2020-11-02 14:54:38,2020-11-02 14:55:08,0,DF:DC:EF:28:D6:3E,1,1,3743.7770659261664,-7588.7098908208045,-366.3693131305472
181,32513,12811,-23281,5382,9474,15862,5379,-23819,13294,1,1,29860,2020-11-02 14:54:38,2020-11-02 14:55:08,0,DF:DC:EF:28:D6:3E,1,1,4527.048471718999,-40676.58826124857,-9388.44239262092
182,-27131,6152,-11246,-9211,5632,13306,-27388,3830,1005,1,1,29886,2020-11-02 14:54:38,2020-11-02 14:55:08,0,DF:DC:EF:28:D6:3E,1,1,-27131.0,4489.78530668002,12006.725111366555
183,-25081,10245,-32491,-7163,21756,-17667,-13819,-12811,17132,1,1,29912,2020-11-02 14:54:38,2020-11-02 14:55:08,0,DF:DC:EF:28:D6:3E,1,1,27988.787256358155,20082.51431774144,-24556.10053726025
184,-25332,17154,-28909,27910,-18945,20734,-6650,-26123,-3605,1,1,29937,2020-11-02 14:54:38,2020-11-02 14:55:08,0,DF:DC:EF:28:D6:3E,1,1,-6186.987775960077,-15057.73894494941,38816.05210638859
185,-2548,25347,-31980,-29949,2559,12541,-11769,-23307,-30741,1,1,29963,2020-11-02 14:54:38,2020-11-02 14:55:08,0,DF:DC:EF:28:D6:3E,1,1,36381.25815799062,-16711.899676091067,8294.551046193417
649,-29666,29699,-3315,-4615,-18179,4613,-13556,-8979,27375,1,-1,41869,2020-11-02 14:54:38,2020-11-02 14:55:08,0,DF:DC:EF:28:D6:3E,1,1,-15252.380847455152,5860.11377077151,-38808.70169276212
650,540,-27130,3861,-6151,16379,32254,-8693,7149,9711,1,-1,41871,2020-11-02 14:54:38,2020-11-02 14:55:08,0,DF:DC:EF:28:D6:3E,1,1,21086.05893467718,11722.742292287328,13007.35379513985
651,5655,-23029,-31471,11008,30206,-26121,-25588,12781,-17171,1,-1,41895,2020-11-02 14:54:38,2020-11-02 14:55:08,0,DF:DC:EF:28:D6:3E,1,1,35134.702454051905,-16634.022256142758,-6449.782480625728
652,4110,15119,-18160,4097,-7681,-7691,15630,1262,-15125,1,-1,41920,2020-11-02 14:54:38,2020-11-02 14:55:08,0,DF:DC:EF:28:D6:3E,1,1,7583.672115952559,-7990.6980335680155,21304.894347873593
653,17166,30221,-9711,8700,-24833,15355,-10994,-18962,-28950,1,-1,41946,2020-11-02 14:54:38,2020-11-02 14:55:08,0,DF:DC:EF:28:D6:3E,1,1,-11414.501954683477,-9831.031058335338,32792.43649771351
654,-10735,14091,18455,-17417,21505,30716,7694,8431,5610,1,-1,41972,2020-11-02 14:54:38,2020-11-02 14:55:08,0,DF:DC:EF:28:D6:3E,1,1,12567.85928943239,-7915.947232641773,20827.151108374357
655,-7413,8717,-27112,-9988,-24576,32252,-28147,-27921,-30743,1,-1,41997,2020-11-02 14:54:38,2020-11-02 14:55:08,0,DF:DC:EF:28:D6:3E,1,1,-7616.743388947067,26498.906323746083,-10285.542561880771
656,26629,-8698,-18931,-22017,-8188,31486,26381,20464,-28695,1,-1,42023,2020-11-02 14:54:38,2020-11-02 14:55:08,0,DF:DC:EF:28:D6:3E,1,1,1567.4754033303213,-25165.658223194107,-22524.969990065187
657,1796,-11781,11524,-2825,-22780,30468,8972,-8208,-30998,1,-1,42048,2020-11-02 14:54:38,2020-11-02 14:55:08,0,DF:DC:EF:28:D6:3E,1,1,16557.944013514796,-650.7692979406829,-480.77267618633005
658,-6136,-27397,-1020,-27404,26367,-19454,-8695,-28432,27371,1,-1,42100,2020-11-02 14:54:38,2020-11-02 14:55:08,0,DF:DC:EF:28:D6:3E,1,1,-25605.46369555712,-5687.068643046336,-10064.988036991665
659,32765,1537,21763,-21254,26884,-5126,-16888,5617,10475,1,-1,42102,2020-11-02 14:54:38,2020-11-02 14:55:08,0,DF:DC:EF:28:D6:3E,1,1,1589.3218843385514,37917.27379454352,-10454.193748806532
660,13561,20484,-30210,16638,23044,10239,-31224,-1039,-4886,1,-1,42125,2020-11-02 14:54:38,2020-11-02 14:55:08,0,DF:DC:EF:28:D6:3E,1,1,13561.0,34779.63854460214,11073.170219355665
661,23806,-21501,-30466,-11011,4864,-15867,-11769,7154,-24597,1,-1,42151,2020-11-02 14:54:38,2020-11-02 14:55:08,0,DF:DC:EF:28:D6:3E,1,1,-11940.293649429606,42517.85746023179,-2618.583120086676
662,-2558,-18174,-26370,-19202,-27396,9224,-8698,27377,-11284,1,-1,42176,2020-11-02 14:54:38,2020-11-02 14:55:08,0,DF:DC:EF:28:D6:3E,1,1,-26458.63785257928,-18035.954723696228,-2619.038027757395
663,-22522,-19967,21504,-10753,-30724,1544,-1787,-32272,8430,1,-1,42202,2020-11-02 14:54:38,2020-11-02 14:55:08,0,DF:DC:EF:28:D6:3E,1,1,24491.270236420332,1187.6560178766686,27696.764150164418
664,-7923,12289,21251,1280,28157,9478,11525,-14609,24303,1,-1,42228,2020-11-02 14:54:38,2020-11-02 14:55:08,0,DF:DC:EF:28:D6:3E,1,1,-19264.17827578657,15082.117514744868,-8174.326738645752
665,12561,30722,25606,14848,765,12288,-7420,13295,-12049,1,-1,42253,2020-11-02 14:54:38,2020-11-02 14:55:08,0,DF:DC:EF:28:D6:3E,1,1,41408.36660954229,-1185.5245010490835,-6420.977136476621
666,22796,-17658,12551,-18942,7677,11769,-10747,-8722,-12818,1,-1,42279,2020-11-02 14:54:38,2020-11-02 14:55:08,0,DF:DC:EF:28:D6:3E,1,1,3380.3080481200536,4933.501871032089,30874.330078373165
667,-11515,-4087,-13308,-32506,27390,-23051,2568,-530,-15380,1,-1,42304,2020-11-02 14:54:38,2020-11-02 14:55:08,0,DF:DC:EF:28:D6:3E,1,1,1075.6322394037836,12171.351990865896,-13308.0
668,12035,5131,-1533,4359,-18690,-6153,-31734,26607,-13334,1,-1,42330,2020-11-02 14:54:38,2020-11-02 14:55:08,0,DF:DC:EF:28:D6:3E,1,1,7346.444069807806,9022.298795966672,6176.273873905207
669,-13562,30477,17412,-31227,31229,23036,19724,-27921,-26903,1,-1,42356,2020-11-02 14:54:38,2020-11-02 14:55:08,0,DF:DC:EF:28:D6:3E,1,1,25299.064896781005,20627.12313871474,18719.83502514809
670,-28921,-29174,-10236,-23550,2557,-24061,12045,9711,12777,1,-1,42381,2020-11-02 14:54:38,2020-11-02 14:55:08,0,DF:DC:EF:28:D6:3E,1,1,-5202.3158046794615,-40172.80062584487,12304.641934835045
671,533,9221,9476,22785,-1794,-18938,-8692,24046,7658,1,-1,42407,2020-11-02 14:54:38,2020-11-02 14:55:08,0,DF:DC:EF:28:D6:3E,1,1,-10011.04141145936,8387.722372782935,2128.5368813253986
672,-8933,2310,12552,21757,-12290,-22781,6156,-14099,-1302,1,-1,42432,2020-11-02 14:54:38,2020-11-02 14:55:08,0,DF:DC:EF:28:D6:3E,1,1,-4216.791877213679,-9314.045474753315,-11753.914929013741
673,20247,21257,14350,-12293,10494,-16384,27915,23533,6379,1,-1,42458,2020-11-02 14:54:38,2020-11-02 14:55:08,0,DF:DC:EF:28:D6:3E,1,1,5816.379896021705,3442.3844908541173,31969.411504159434
674,8981,32267,-12779,1277,14594,26369,-20470,25069,22251,1,-1,42484,2020-11-02 14:54:38,2020-11-02 14:55:08,0,DF:DC:EF:28:D6:3E,1,1,16641.0186499437,31716.482592162134,1503.9020158580954
1030,25605,-11263,-31729,14851,-31494,-22011,-3577,-20,31203,1,1,51600,2020-11-02 14:54:38,2020-11-02 14:55:08,0,DF:DC:EF:28:D6:3E,1,1,-3537.193846745021,-27748.143247621978,-31729.0
1031,-15343,7160,-4603,-26625,18166,-24054,-16378,17131,9189,1,1,51625,2020-11-02 14:54:38,2020-11-02 14:55:08,0,DF:DC:EF:28:D6:3E,1,1,7221.503030692429,-2014.4688010859875,15863.564146406421
1032,9996,-6155,-27650,-4097,-7431,14592,3846,-14615,-8475,1,1,51651,2020-11-02 14:54:38,2020-11-02 14:55:08,0,DF:DC:EF:28:D6:3E,1,1,6157.514991624167,-20981.532154959943,20595.797109078
1033,-6403,13312,20475,9984,-17410,-29189,7175,27625,-20764,1,1,51676,2020-11-02 14:54:38,2020-11-02 14:55:08,0,DF:DC:EF:28:D6:3E,1,1,11121.330180803388,11723.37806885475,-19398.757683528278
1034,-4,-20984,22783,-14848,-14080,-2305,-22777,-30231,7652,1,1,51702,2020-11-02 14:54:38,2020-11-02 14:55:08,0,DF:DC:EF:28:D6:3E,1,1,-30338.469371473682,-2849.8897572024125,-5554.166505241471
1035,4098,19720,-13823,-6910,-15873,4354,-19961,-29207,31460,1,1,51728,2020-11-02 14:54:38,2020-11-02 14:55:08,0,DF:DC:EF:28:D6:3E,1,1,-17296.178723013618,-17230.454105050663,-837.249016311057
1036,-32763,-28669,-3327,-1021,22269,-26366,-7929,13801,-3868,1,1,51753,2020-11-02 14:54:38,2020-11-02 14:55:08,0,DF:DC:EF:28:D6:3E,1,1,33935.68953514444,-18289.500773389573,20500.190151178376
1037,-11769,254,-27136,-253,-29702,-16384,-29176,29672,-6940,1,1,51779,2020-11-02 14:54:38,2020-11-02 14:55:08,0,DF:DC:EF:28:D6:3E,1,1,24015.026705667548,10892.92249216668,-13399.96660091822
1038,-28407,-28932,18176,27138,-6660,-26371,-17911,-6425,4580,1,1,51804,2020-11-02 14:54:38,2020-11-02 14:55:08,0,DF:DC:EF:28:D6:3E,1,1,-3642.4799923680494,31207.460178140234,-31419.930263051032
1039,-20980,512,14590,-22527,12030,21498,22795,-9497,-27422,1,1,51830,2020-11-02 14:54:38,2020-11-02 14:55:08,0,DF:DC:EF:28:D6:3E,1,1,1446.4481248118343,2250.6783187421133,-25419.143945612577
1040,5643,23300,11520,9471,-15619,12789,-15091,18920,-8225,1,1,51856,2020-11-02 14:54:38,2020-11-02 14:55:08,0,DF:DC:EF:28:D6:3E,1,1,-4343.962673426764,8206.893744671079,24924.300037424393
1041,-11006,1803,-23039,-24836,32251,7156,-30704,-280,15324,1,1,51881,2020-11-02 14:54:38,2020-11-02 14:55:08,0,DF:DC:EF:28:D6:3E,1,1,-15973.737231937695,-19414.351889825,-4806.352623669631
1042,-10240,13835,-28667,8960,31747,17658,-1519,-5911,17626,1,1,51907,2020-11-02 14:54:38,2020-11-02 14:55:08,0,DF:DC:EF:28:D6:3E,1,1,-20356.1114034673,-11073.160081837945,-24105.50908675482
1001,25860,30216,16901,-10492,13823,-25098,-16631,3056,-5918,1,-1,50857,2020-11-02 14:54:38,2020-11-02 14:55:08,0,DF:DC:EF:28:D6:3E,1,1,16323.071301301648,-20250.97388348684,-34508.62873344805
1002,15108,-7673,11268,16387,28414,-24324,11019,25328,-16671,1,-1,50882,2020-11-02 14:54:38,2020-11-02 14:55:08,0,DF:DC:EF:28:D6:3E,1,1,-8397.887718098327,14396.978255594888,11674.627016831897
1003,16644,9733,9989,27392,-16129,-26877,-31733,6640,-26399,1,-1,50908,2020-11-02 14:54:38,2020-11-02 14:55:08,0,DF:DC:EF:28:D6:3E,1,1,-7410.305561078206,19010.28002338217,-7431.740773469582
1004,6420,-31486,-1272,-514,-28672,-23542,25354,-24849,15843,1,-1,50934,2020-11-02 14:54:38,2020-11-02 14:55:08,0,DF:DC:EF:28:D6:3E,1,1,-23858.735973172235,4990.3466105132375,-20977.60087496652
1005,23064,15363,14096,18683,-7427,14086,-11512,-11026,-16412,1,-1,50959,2020-11-02 14:54:38,2020-11-02 14:55:08,0,DF:DC:EF:28:D6:3E,1,1,-6290.246076132296,-29181.760338607783,8690.497617614305
1006,-16619,2566,-22253,-5,-769,-1279,-18937,28142,23269,1,-1,50985,2020-11-02 14:54:38,2020-11-02 14:55:08,0,DF:DC:EF:28:D6:3E,1,1,-680.8075945434066,7902.5132876432335,-26740.574241362767
1007,-31724,-9977,-27115,-13571,29183,0,11527,25070,31205,1,-1,51012,2020-11-02 14:54:38,2020-11-02 14:55:08,0,DF:DC:EF:28:D6:3E,1,1,33031.468365497596,-10107.727690780575,-25454.505859437915
1008,-13552,21257,24086,22525,7680,11262,7,28142,15077,1,-1,51036,2020-11-02 14:54:38,2020-11-02 14:55:08,0,DF:DC:EF:28:D6:3E,1,1,-15429.57023348094,-17366.30163918346,-25999.847668534
1009,13580,3081,17940,-27138,-6655,7680,-11002,-20242,4837,1,-1,51062,2020-11-02 14:54:38,2020-11-02 14:55:08,0,DF:DC:EF:28:D6:3E,1,1,-14446.113843308776,16760.660871833403,-5112.983763474645
1010,23304,-509,27155,-13568,-3839,-1019,15622,-7954,-10011,1,-1,51087,2020-11-02 14:54:38,2020-11-02 14:55:08,0,DF:DC:EF:28:D6:3E,1,1,-8448.11220560555,-32151.096524229586,13253.901857610494
1011,-9203,-27142,-4600,-5888,-8699,-25076,-6652,5359,11496,1,-1,51113,2020-11-02 14:54:38,2020-11-02 14:55:08,0,DF:DC:EF:28:D6:3E,1,1,20684.21974662952,-654.7113941281599,20353.814862662486
1012,-11752,-21002,-27125,-18184,27397,18951,-31742,-19473,-22550,1,-1,51139,2020-11-02 14:54:38,2020-11-02 14:55:08,0,DF:DC:EF:28:D6:3E,1,1,-12576.610613029718,-22048.81269016852,25896.676571369
1013,-12783,-11269,527,-3590,-2811,22521,30465,29680,-28694,1,-1,51164,2020-11-02 14:54:38,2020-11-02 14:55:08,0,DF:DC:EF:28:D6:3E,1,1,-1427.9236352573016,-14314.585868469536,-9150.23740162439
409,27394,-32248,-29435,-8965,-7943,8190,-13811,-17420,10477,1,1,35698,2020-11-02 14:54:38,2020-11-02 14:55:08,0,DF:DC:EF:28:D6:3E,1,1,-6593.048233158126,-34967.69337848074,-37290.42906408834
410,-12794,31236,11780,-10767,24569,2307,-31732,-18445,-19988,1,1,35724,2020-11-02 14:54:38,2020-11-02 14:55:08,0,DF:DC:EF:28:D6:3E,1,1,-8231.429569263666,1286.9153328117718,-34766.79375744081
411,-19448,-13313,13834,3055,7937,30977,-6647,6131,-9492,1,1,35775,2020-11-02 14:54:38,2020-11-02 14:55:08,0,DF:DC:EF:28:D6:3E,1,1,6556.855810465075,-1979.5194257907706,26456.178365812542
412,21253,20990,-23541,4342,28170,18173,-17657,3572,6637,1,1,35777,2020-11-02 14:54:38,2020-11-02 14:55:08,0,DF:DC:EF:28:D6:3E,1,1,31764.219489204814,4861.390398166641,20343.304393294467
413,-13312,-27648,-1526,28668,28173,15612,-18426,10998,14573,1,1,35801,2020-11-02 14:54:38,2020-11-02 14:55:08,0,DF:DC:EF:28:D6:3E,1,1,-23595.00464779825,-13699.699002472085,14126.001802068547
414,21502,22534,-32503,28161,19975,1021,-16378,-13065,11501,1,1,35826,2020-11-02 14:54:38,2020-11-02 14:55:08,0,DF:DC:EF:28:D6:3E,1,1,36489.54101920042,13823.248956519874,22449.796290705224
415,29690,-30713,-23799,-30726,-1023,-27649,31238,-31496,4333,1,1,35852,2020-11-02 14:54:38,2020-11-02 14:55:08,0,DF:DC:EF:28:D6:3E,1,1,30190.053013637676,-31533.555514840096,-22031.169865130727
416,-8706,-12285,24333,11770,-26626,-14839,13061,23032,-5395,1,1,35878,2020-11-02 14:54:38,2020-11-02 14:55:08,0,DF:DC:EF:28:D6:3E,1,1,21808.10777711673,-17013.57039996767,7331.8079234937
417,-25338,26880,-23545,-14849,10748,-29428,9220,30199,-13329,1,1,35903,2020-11-02 14:54:38,2020-11-02 14:55:08,0,DF:DC:EF:28:D6:3E,1,1,38162.00493589107,876.7399860694604,-21489.72720324417
418,-3067,27393,-251,3334,-16643,-28154,11780,-18186,9713,1,1,35929,2020-11-02 14:54:38,2020-11-02 14:55:08,0,DF:DC:EF:28:D6:3E,1,1,9133.663368557829,-6451.136506178648,-25195.336279726733
419,-6909,9218,-31229,6664,23807,18436,4357,24054,-6671,1,1,35955,2020-11-02 14:54:38,2020-11-02 14:55:08,0,DF:DC:EF:28:D6:3E,1,1,22966.30231865949,-18707.07735225731,15183.888195867261
420,16134,23044,-13309,-6396,-30464,-24829,-14587,14582,-29454,1,1,35980,2020-11-02 14:54:38,2020-11-02 14:55:08,0,DF:DC:EF:28:D6:3E,1,1,14919.859507833382,-26032.76741427917,-8255.554858430694
421,-6905,27396,13831,-2558,-11264,10752,12806,15606,-9742,1,1,36006,2020-11-02 14:54:38,2020-11-02 14:55:08,0,DF:DC:EF:28:D6:3E,1,1,-9212.651418549587,-30029.619356413485,-1692.754308578977
422,-3321,17667,7691,-508,4353,-17157,-3066,28918,31730,1,1,36031,2020-11-02 14:54:38,2020-11-02 14:55:08,0,DF:DC:EF:28:D6:3E,1,1,14582.060252580046,12986.95645027411,-1002.9416477586096
423,12807,-14077,7948,-8442,-7166,7417,16904,2551,-22543,1,1,36057,2020-11-02 14:54:38,2020-11-02 14:55:08,0,DF:DC:EF:28:D6:3E,1,1,-12872.026761804913,-452.0272543206456,-16107.71493430181
424,-12536,-14842,6414,-14075,30209,25081,-27895,-12297,-17424,1,1,36083,2020-11-02 14:54:38,2020-11-02 14:55:08,0,DF:DC:EF:28:D6:3E,1,1,-18366.053800272628,-7514.264099798996,-4979.915545866552
425,-3064,-16891,5388,25092,-20485,-16391,-18166,-4617,-22545,1,1,36108,2020-11-02 14:54:38,2020-11-02 14:55:08,0,DF:DC:EF:28:D6:3E,1,1,5500.441847386706,-16874.971803358138,-2950.4215155439833
426,-5374,-19702,11023,-1026,509,14333,21259,-18185,-21010,1,1,36134,2020-11-02 14:54:38,2020-11-02 14:55:08,0,DF:DC:EF:28:D6:3E,1,1,-4646.999867606889,-18793.123222486218,12797.621684317382
427,15104,14611,26395,-22018,26621,-26867,-11766,-1290,18671,1,1,36159,2020-11-02 14:54:38,2020-11-02 14:55:08,0,DF:DC:EF:28:D6:3E,1,1,-17481.799648659504,-15609.767243711452,-24269.94045401186
428,7193,1550,14362,31223,-32262,-9458,13065,27381,-32015,1,1,36185,2020-11-02 14:54:38,2020-11-02 14:55:08,0,DF:DC:EF:28:D6:3E,1,1,12788.246740691447,-5081.385833412691,8429.060227047106
429,-6373,-15350,-5855,2294,7164,22785,13831,17908,17138,1,1,36211,2020-11-02 14:54:38,2020-11-02 14:55:08,0,DF:DC:EF:28:D6:3E,1,1,-12598.463704377857,-615.2629894771949,12305.235379433152
430,23060,-244,-14311,-7682,24575,1528,-2298,7924,25585,1,1,36236,2020-11-02 14:54:38,2020-11-02 14:55:08,0,DF:DC:EF:28:D6:3E,1,1,-457.2814312428054,-156.15807293839316,-27136.587208949044
431,-4349,-5629,-8441,-5631,-4346,15604,-2553,10229,-13841,1,1,36262,2020-11-02 14:54:38,2020-11-02 14:55:08,0,DF:DC:EF:28:D6:3E,1,1,-1184.752598489305,10937.74387073348,-901.134450903426
432,-8710,7926,6394,-1792,-6395,-7946,-15096,-16394,31982,1,1,36287,2020-11-02 14:54:38,2020-11-02 14:55:08,0,DF:DC:EF:28:D6:3E,1,1,5985.77684752721,-11366.473807195807,-3813.470954647335
433,26106,-29707,19467,26104,32760,14078,32008,-5642,-25875,1,1,36313,2020-11-02 14:54:38,2020-11-02 14:55:08,0,DF:DC:EF:28:D6:3E,1,1,-24814.151912181835,13063.365880472109,34008.81519183049
434,-26868,29690,-24313,-21509,-772,-1531,8455,23029,750,1,1,36339,2020-11-02 14:54:38,2020-11-02 14:55:08,0,DF:DC:EF:28:D6:3E,1,1,8596.330617090987,36500.259514859456,-28077.422393616827
435,-15100,5377,-20214,-25858,-9218,-30980,-14074,12277,-4883,1,1,36364,2020-11-02 14:54:38,2020-11-02 14:55:08,0,DF:DC:EF:28:D6:3E,1,1,9486.99917724726,-20618.159725968315,12264.430729771684
436,-3844,10759,-29428,-4864,6394,-13569,2567,-13580,21229,1,1,36390,2020-11-02 14:54:38,2020-11-02 14:55:08,0,DF:DC:EF:28:D6:3E,1,1,-29592.985766911806,-6649.381316184522,8751.029797191386
437,-7681,-25336,17922,23810,-13579,15879,15879,21747,-24595,1,1,36415,2020-11-02 14:54:38,2020-11-02 14:55:08,0,DF:DC:EF:28:D6:3E,1,1,2196.4719847885212,6258.206495528701,31274.89573570728
749,-13305,-32506,27914,3844,-17411,1783,14601,3310,-31000,1,-1,44404,2020-11-02 14:54:38,2020-11-02 14:55:08,0,DF:DC:EF:28:D6:3E,1,1,7593.7869813601965,-16121.262772814318,-41173.944951772544
750,13060,-2297,-1025,-1024,15100,7677,-12534,-7955,-7706,1,-1,44430,2020-11-02 14:54:38,2020-11-02 14:55:08,0,DF:DC:EF:28:D6:3E,1,1,2689.102679173537,-4143.869893436396,12348.583039650059
751,-28141,24068,-14331,13565,-13307,-28408,-6391,-7443,-4121,1,-1,44455,2020-11-02 14:54:38,2020-11-02 14:55:08,0,DF:DC:EF:28:D6:3E,1,1,8352.834553492414,944.8752143524234,-38805.920060620716
752,-28125,24836,-11758,-22026,-16638,2822,21511,1262,5098,1,-1,44481,2020-11-02 14:54:38,2020-11-02 14:55:08,0,DF:DC:EF:28:D6:3E,1,1,-28125.0,-22928.16459080074,15145.188295202901
753,14366,24835,22563,13817,28929,12544,-22267,2798,30954,1,-1,44506,2020-11-02 14:54:38,2020-11-02 14:55:08,0,DF:DC:EF:28:D6:3E,1,1,-16448.163963594325,-19846.95000390549,-25841.91610096265
754,-12258,12552,27682,-16644,6912,-24068,10757,19694,18666,1,-1,44532,2020-11-02 14:54:38,2020-11-02 14:55:08,0,DF:DC:EF:28:D6:3E,1,1,-13248.921907879814,18567.224789824308,-23533.563773534937
755,-18420,-506,24602,-21505,13052,-781,19462,17134,17384,1,-1,44558,2020-11-02 14:54:38,2020-11-02 14:55:08,0,DF:DC:EF:28:D6:3E,1,1,14819.849672101323,888.4117130748691,26914.561492329565
756,-16389,22272,16649,9218,-2814,11001,-5881,-5650,14566,1,-1,44583,2020-11-02 14:54:38,2020-11-02 14:55:08,0,DF:DC:EF:28:D6:3E,1,1,-16860.84187555404,-25740.297198180026,-9745.748683242813
757,14865,4599,3847,9726,-30460,2,-22777,-26385,-26394,1,-1,44609,2020-11-02 14:54:38,2020-11-02 14:55:08,0,DF:DC:EF:28:D6:3E,1,1,11590.952864927107,-7285.277601306081,-8336.244775373738
758,17675,-20484,-1013,19450,7167,10234,7175,-6929,19686,1,-1,44634,2020-11-02 14:54:38,2020-11-02 14:55:08,0,DF:DC:EF:28:D6:3E,1,1,-22827.68760976973,13572.41174191882,5264.253783642065
759,-30474,-11256,13828,-1794,22523,-23299,29447,-28433,3045,1,-1,44660,2020-11-02 14:54:38,2020-11-02 14:55:08,0,DF:DC:EF:28:D6:3E,1,1,31056.34137551085,10067.103310467804,13443.693216676018
760,-26891,-4604,22008,24833,-21506,17412,27655,5871,15589,1,-1,44686,2020-11-02 14:54:38,2020-11-02 14:55:08,0,DF:DC:EF:28:D6:3E,1,1,-8017.813764661472,-29735.915392010727,16738.122930435915
761,16633,4097,29939,20226,-1790,28679,-5626,-18,31974,1,-1,44711,2020-11-02 14:54:38,2020-11-02 14:55:08,0,DF:DC:EF:28:D6:3E,1,1,8646.86588410472,-14787.623486629143,29939.0
762,-23037,-26882,-15367,8448,25859,8202,-20475,7407,-30232,1,-1,44737,2020-11-02 14:54:38,2020-11-02 14:55:08,0,DF:DC:EF:28:D6:3E,1,1,-22434.243352659956,10334.992626542657,29654.386431065166
948,-24059,-29165,-9969,-19710,-31489,7676,-10232,-13071,-13590,1,1,49500,2020-11-02 14:54:38,2020-11-02 14:55:08,0,DF:DC:EF:28:D6:3E,1,1,-18874.519642065265,16782.510983481472,-29848.174154722037
949,-26877,-31729,-18931,-2302,7681,12034,29449,-2319,-19478,1,1,49525,2020-11-02 14:54:38,2020-11-02 14:55:08,0,DF:DC:EF:28:D6:3E,1,1,22776.096144128016,30674.85450841605,25055.699477782382
950,-32762,-24318,-2032,11007,-32253,-28151,-8952,-3087,-1301,1,1,49551,2020-11-02 14:54:38,2020-11-02 14:55:08,0,DF:DC:EF:28:D6:3E,1,1,-32762.0,-14848.940515231066,19364.99712303436
951,25623,20739,15637,-13061,-19965,7694,-14842,-11023,-25106,1,1,49576,2020-11-02 14:54:38,2020-11-02 14:55:08,0,DF:DC:EF:28:D6:3E,1,1,-27229.751250100107,22977.85611787046,7856.130986949921
952,17942,-17652,23058,-7936,-25087,-19709,30469,-7951,22256,1,1,49602,2020-11-02 14:54:38,2020-11-02 14:55:08,0,DF:DC:EF:28:D6:3E,1,1,7538.9345163404405,-18351.21537736953,27777.278349970264
953,11258,-23289,-4346,-20470,27135,767,-21754,-9999,11760,1,1,49628,2020-11-02 14:54:38,2020-11-02 14:55:08,0,DF:DC:EF:28:D6:3E,1,1,-20280.829970361046,-9615.16666944035,13573.662240979349
954,14842,2809,6392,4870,24320,-8952,-24313,-24591,753,1,1,49653,2020-11-02 14:54:38,2020-11-02 14:55:08,0,DF:DC:EF:28:D6:3E,1,1,-11254.51277958186,-6673.5664810141625,-9891.03440079514
955,6407,-5389,3321,15097,-12802,-23799,5638,4593,-3342,1,1,49679,2020-11-02 14:54:38,2020-11-02 14:55:08,0,DF:DC:EF:28:D6:3E,1,1,6407.0,-5389.0,3321.0
956,17924,-520,-8195,-25353,-7171,-28160,15620,-30992,-18189,1,1,49705,2020-11-02 14:54:38,2020-11-02 14:55:08,0,DF:DC:EF:28:D6:3E,1,1,-6739.998261781797,-8706.366367891555,-16354.50424498478
957,22782,14081,26108,-20740,-4607,-12546,-27901,-28688,31475,1,1,49730,2020-11-02 14:54:38,2020-11-02 14:55:08,0,DF:DC:EF:28:D6:3E,1,1,-27683.02018573093,-8519.413036483678,-23664.144690020094
958,14597,25862,-22530,-10501,-18173,5378,-4350,2289,-18701,1,1,49756,2020-11-02 14:54:38,2020-11-02 14:55:08,0,DF:DC:EF:28:D6:3E,1,1,-10801.274824432416,-27663.1147047306,-22530.0
959,-23284,31239,27402,-17158,8706,-22270,-9983,26609,16116,1,1,49781,2020-11-02 14:54:38,2020-11-02 14:55:08,0,DF:DC:EF:28:D6:3E,1,1,-46263.61701588085,5120.539344114608,-10116.679219648857
960,-12015,6917,-4589,-7939,-29184,-30464,10753,-28175,-30988,1,1,49807,2020-11-02 14:54:38,2020-11-02 14:55:08,0,DF:DC:EF:28:D6:3E,1,1,-4341.672030612613,12111.049241839435,6909.153728231593
961,32534,-19453,-5866,-4863,3325,-29956,28417,24561,11252,1,1,49833,2020-11-02 14:54:38,2020-11-02 14:55:08,0,DF:DC:EF:28:D6:3E,1,1,-26041.55879601189,-25240.111061375883,12492.570995726477
962,3859,-3580,17168,-25595,-13319,20726,3587,-21776,-21518,1,1,49858,2020-11-02 14:54:38,2020-11-02 14:55:08,0,DF:DC:EF:28:D6:3E,1,1,5675.441575777137,4425.203600997679,-16451.609070533417
963,-17402,31748,-8950,9991,-6148,-13321,32261,12784,32240,1,1,49884,2020-11-02 14:54:38,2020-11-02 14:55:08,0,DF:DC:EF:28:D6:3E,1,1,-6047.170423477777,21934.941055990206,29549.24193172561
964,25098,-2818,31765,-14847,-14080,-9729,-30970,19952,-13841,1,1,49909,2020-11-02 14:54:38,2020-11-02 14:55:08,0,DF:DC:EF:28:D6:3E,1,1,-18454.798168052806,34792.26048345092,-9786.980536822111
965,-2792,-17923,-8423,-6659,17919,11264,12550,14576,4336,1,1,49935,2020-11-02 14:54:38,2020-11-02 14:55:08,0,DF:DC:EF:28:D6:3E,1,1,-10469.971631740298,15117.61197758715,7862.164086666405
966,-15342,-6402,30746,20990,-2306,10234,19718,11504,21743,1,1,49961,2020-11-02 14:54:38,2020-11-02 14:55:08,0,DF:DC:EF:28:D6:3E,1,1,21611.039257114,-5099.842924982363,26993.21522842333
967,28430,9738,27413,4602,3072,-4612,16134,-18192,-32018,1,1,49988,2020-11-02 14:54:38,2020-11-02 14:55:08,0,DF:DC:EF:28:D6:3E,1,1,19907.065644979542,-34864.145728254196,6539.586611210925
968,-25335,3595,26904,-11013,-30975,-14085,-12283,-12560,-7955,1,1,50012,2020-11-02 14:54:38,2020-11-02 14:55:08,0,DF:DC:EF:28:D6:3E,1,1,32129.65455231047,-7530.010365589574,-17017.511811169952
969,14597,12549,2060,-15874,20994,11260,262,24561,13037,1,1,50037,2020-11-02 14:54:38,2020-11-02 14:55:08,0,DF:DC:EF:28:D6:3E,1,1,-6791.439872171543,-15315.654572015621,9700.540165030789
970,19973,-32768,7941,-15874,-22019,-7172,14598,19953,32236,1,1,50063,2020-11-02 14:54:38,2020-11-02 14:55:08,0,DF:DC:EF:28:D6:3E,1,1,-781.8677206702743,25260.048669438154,29950.637023024894
971,6147,10750,-11781,-1541,-15618,1790,9990,13297,-4885,1,1,50089,2020-11-02 14:54:38,2020-11-02 14:55:08,0,DF:DC:EF:28:D6:3E,1,1,-120.67228447420166,15721.619460104332,-6704.937714209475
972,-14844,-12038,-23044,25593,20993,17407,26629,14577,-19989,1,1,50114,2020-11-02 14:54:38,2020-11-02 14:55:08,0,DF:DC:EF:28:D6:3E,1,1,-29226.58566916792,5501.798051427684,3438.113483306632
487,-24051,-11770,-22002,25856,10757,259,-2551,30196,9705,1,-1,37697,2020-11-02 14:54:38,2020-11-02 14:55:08,0,DF:DC:EF:28:D6:3E,1,1,17617.411218339235,5653.391322758957,-29304.223134485048
488,32525,21511,-16870,-32004,20480,-7936,24073,-21260,-23831,1,-1,37721,2020-11-02 14:54:38,2020-11-02 14:55:08,0,DF:DC:EF:28:D6:3E,1,1,40865.8247469016,-6271.876579493335,9789.973336384912
489,-10483,25354,-25826,4094,25086,-10240,-6648,29940,-21783,1,-1,37747,2020-11-02 14:54:38,2020-11-02 14:55:08,0,DF:DC:EF:28:D6:3E,1,1,-31690.103587658487,3596.8932382693383,-20062.41696894886
490,15890,-22774,13337,-11522,-28930,23549,-12024,20724,28137,1,-1,37772,2020-11-02 14:54:38,2020-11-02 14:55:08,0,DF:DC:EF:28:D6:3E,1,1,25234.66687015965,-3835.375885999364,-17248.89053722475
491,3596,24843,20497,7423,26368,6392,11785,-32524,25576,1,-1,37798,2020-11-02 14:54:38,2020-11-02 14:55:08,0,DF:DC:EF:28:D6:3E,1,1,-31408.693315226024,7964.627170664965,539.9743164088436
492,-13562,13061,3848,-27649,-24829,9463,-18935,26869,10727,1,-1,37824,2020-11-02 14:54:38,2020-11-02 14:55:08,0,DF:DC:EF:28:D6:3E,1,1,17524.532118007857,4366.302099642299,-6568.930584164386
493,-23292,10757,9224,-13061,15356,-32522,10,-4619,-18715,1,-1,37849,2020-11-02 14:54:38,2020-11-02 14:55:08,0,DF:DC:EF:28:D6:3E,1,1,24576.933157517567,-7362.382058200566,9224.0
494,13321,-9469,-11233,-7943,24578,-1026,24329,19446,-2844,1,-1,37875,2020-11-02 14:54:38,2020-11-02 14:55:08,0,DF:DC:EF:28:D6:3E,1,1,-11140.244536689392,-2311.810983836416,-16243.20696900016
495,-20987,-5373,-30978,-21507,-10504,31488,-9464,3829,-24860,1,-1,37900,2020-11-02 14:54:38,2020-11-02 14:55:08,0,DF:DC:EF:28:D6:3E,1,1,35642.68720377852,3053.1283069392853,-12216.261229810403
496,-19719,20994,15873,-10242,-27132,27648,-25592,24053,-28956,1,-1,37926,2020-11-02 14:54:38,2020-11-02 14:55:08,0,DF:DC:EF:28:D6:3E,1,1,27150.885642523805,1058.735186345376,-18526.942938104738
497,-21509,-15872,-4097,-515,-22525,-19196,5640,-11019,19685,1,-1,37952,2020-11-02 14:54:38,2020-11-02 14:55:08,0,DF:DC:EF:28:D6:3E,1,1,10331.91255165947,14559.666327706878,-20312.817959374814
498,-22787,20479,14336,-14084,-6400,2571,2055,-17931,-15130,1,-1,37977,2020-11-02 14:54:38,2020-11-02 14:55:08,0,DF:DC:EF:28:D6:3E,1,1,10075.567753661591,-27195.478071369747,-17408.23405492418
499,9986,-20735,-24824,28155,-1027,-15601,22789,-524,3817,1,-1,38003,2020-11-02 14:54:38,2020-11-02 14:55:08,0,DF:DC:EF:28:D6:3E,1,1,9986.0,24030.657497088374,21649.450368488117
500,-13042,-6652,-16627,24317,7420,-2805,-26365,7412,28395,1,-1,38028,2020-11-02 14:54:38,2020-11-02 14:55:08,0,DF:DC:EF:28:D6:3E,1,1,14210.935591245425,-9449.370791983398,14126.524634781383
302,-19705,-32249,20760,-13048,12547,-11783,-6658,-18951,-12815,1,1,32959,2020-11-02 14:54:38,2020-11-02 14:55:08,0,DF:DC:EF:28:D6:3E,1,1,-5825.079481736975,-12835.513567249474,-40750.2229011867
303,775,8709,-17387,18697,31231,13308,-24576,-11271,-784,1,1,32984,2020-11-02 14:54:38,2020-11-02 14:55:08,0,DF:DC:EF:28:D6:3E,1,1,-14690.629997850898,7465.942691817751,10353.751252021479
304,-5117,-23042,25109,7430,30716,31998,-9215,28921,-27152,1,1,33010,2020-11-02 14:54:38,2020-11-02 14:55:08,0,DF:DC:EF:28:D6:3E,1,1,15037.000833284268,-30687.806532560324,4441.449105861339
305,-25844,8189,-14321,13572,-4608,14595,-27390,17657,-10768,1,1,33035,2020-11-02 14:54:38,2020-11-02 14:55:08,0,DF:DC:EF:28:D6:3E,1,1,19625.98519956674,-20413.046640492365,-11755.480840844852
306,-755,22270,14866,-1536,8444,17918,-7934,-9736,-4112,1,1,33061,2020-11-02 14:54:38,2020-11-02 14:55:08,0,DF:DC:EF:28:D6:3E,1,1,8602.059010426692,24541.84001183766,-6420.556877288836
307,26625,18948,29731,-21760,-13829,-15620,-4862,-32264,18160,1,1,33087,2020-11-02 14:54:38,2020-11-02 14:55:08,0,DF:DC:EF:28:D6:3E,1,1,-38375.33178798642,-13669.268115918758,-17097.798376898885
308,-3327,-25595,-7398,-19198,26365,16384,28931,5624,6384,1,1,33112,2020-11-02 14:54:38,2020-11-02 14:55:08,0,DF:DC:EF:28:D6:3E,1,1,10281.271967773358,-10555.319329843713,22445.133961946078
309,7169,4354,28941,2560,32252,-23551,-26109,-25865,15088,1,1,33138,2020-11-02 14:54:38,2020-11-02 14:55:08,0,DF:DC:EF:28:D6:3E,1,1,29373.87909102688,-4712.296620306925,4785.69176901082
310,-27650,25085,14856,-6661,-5890,-4608,4611,22007,23536,1,1,33163,2020-11-02 14:54:38,2020-11-02 14:55:08,0,DF:DC:EF:28:D6:3E,1,1,-278.3374699937308,-38699.44673889365,-10805.360306640887
311,-26374,29435,16125,1530,-14587,15618,11778,-16137,-17680,1,1,33189,2020-11-02 14:54:38,2020-11-02 14:55:08,0,DF:DC:EF:28:D6:3E,1,1,3389.885731185209,27666.96104979733,-32327.552753007836
312,-16385,-3084,27143,-29702,-30458,-21244,4353,-17672,28657,1,1,33215,2020-11-02 14:54:38,2020-11-02 14:55:08,0,DF:DC:EF:28:D6:3E,1,1,557.4241064439245,-12756.467701334097,-29183.617667286813
313,7178,-13837,14354,-17417,24579,-30969,-25345,-31495,-31246,1,1,33240,2020-11-02 14:54:38,2020-11-02 14:55:08,0,DF:DC:EF:28:D6:3E,1,1,-3079.027750265973,-16820.115377945633,-12515.065952111036
314,-27635,-10759,532,-21258,-19209,10501,-12803,1273,-27661,1,1,33266,2020-11-02 14:54:38,2020-11-02 14:55:08,0,DF:DC:EF:28:D6:3E,1,1,14308.891272747744,-24157.00874572144,9561.74089817443
315,-1014,-20227,-2805,22267,12785,-22782,29948,7671,30964,1,1,33292,2020-11-02 14:54:38,2020-11-02 14:55:08,0,DF:DC:EF:28:D6:3E,1,1,-3796.8485800504463,-16874.040991215094,10903.138607160856
316,-32250,27391,11012,-2306,26097,-4354,-6405,-13068,-1292,1,1,33317,2020-11-02 14:54:38,2020-11-02 14:55:08,0,DF:DC:EF:28:D6:3E,1,1,28968.741939123945,24065.698944738775,-22209.17940324768
317,26626,20738,3074,32512,22519,-6146,-9989,4851,5365,1,1,33343,2020-11-02 14:54:38,2020-11-02 14:55:08,0,DF:DC:EF:28:D6:3E,1,1,26626.0,13791.471026392957,-15789.535994707498
318,-16413,-12520,8,29183,2303,12290,-14597,23538,19445,1,1,33368,2020-11-02 14:54:38,2020-11-02 14:55:08,0,DF:DC:EF:28:D6:3E,1,1,-2830.1450999573826,-4866.746657386818,-19860.566172342657
319,12052,-11766,-23545,-11008,-1025,-14328,27387,25331,-23562,1,1,33394,2020-11-02 14:54:38,2020-11-02 14:55:08,0,DF:DC:EF:28:D6:3E,1,1,24832.24153636413,-13256.395646326762,-6759.011743422304
320,-8435,-32505,4113,5375,-24577,-30723,2555,2035,-2058,1,1,33420,2020-11-02 14:54:38,2020-11-02 14:55:08,0,DF:DC:EF:28:D6:3E,1,1,-8435.0,-32505.0,4113.0
321,28429,14342,-29164,29701,-16887,-18958,28156,-26637,14069,1,1,33445,2020-11-02 14:54:38,2020-11-02 14:55:08,0,DF:DC:EF:28:D6:3E,1,1,33741.450250607864,1838.1273775589725,-26880.768659575617
322,14083,5641,3861,-11253,-20470,-24335,27647,8181,22002,1,1,33471,2020-11-02 14:54:38,2020-11-02 14:55:08,0,DF:DC:EF:28:D6:3E,1,1,-1766.1701513237012,1024.6857227515325,-15520.623478654536
323,-27136,-27899,-3309,2058,18436,-14087,-5119,17654,-20752,1,1,33496,2020-11-02 14:54:38,2020-11-02 14:55:08,0,DF:DC:EF:28:D6:3E,1,1,-30070.404612364284,23894.58944382977,7105.31770996343
324,20232,23809,-18670,-27129,-2564,15359,23299,19446,17136,1,1,33522,2020-11-02 14:54:38,2020-11-02 14:55:08,0,DF:DC:EF:28:D6:3E,1,1,35675.68441355837,-6602.728267145377,2901.84873045236
325,21771,-5127,29202,8455,-18176,-2817,-32764,758,12016,1,1,33548,2020-11-02 14:54:38,2020-11-02 14:55:08,0,DF:DC:EF:28:D6:3E,1,1,17725.098485216004,32054.686181023262,3367.098383699223
326,32274,-16132,-29427,-19198,-31486,9727,12293,23286,18416,1,1,33573,2020-11-02 14:54:38,2020-11-02 14:55:08,0,DF:DC:EF:28:D6:3E,1,1,14345.870001588915,-35854.47925970866,26008.713153722783
327,-9200,-5885,-12777,23293,1533,7164,8965,19702,-11793,1,1,33601,2020-11-02 14:54:38,2020-11-02 14:55:08,0,DF:DC:EF:28:D6:3E,1,1,3791.0113872141683,-9911.49863740112,13035.15943219753
475,20737,16132,25599,-14590,13310,1019,3592,15860,-17944,1,-1,37388,2020-11-02 14:54:38,2020-11-02 14:55:08,0,DF:DC:EF:28:D6:3E,1,1,-12224.335325208463,-18037.609740417,-29509.043608854463
476,7421,19971,-8197,-21508,25598,15615,16904,10996,8680,1,-1,37414,2020-11-02 14:54:38,2020-11-02 14:55:08,0,DF:DC:EF:28:D6:3E,1,1,12694.935294968347,18184.379620497995,5410.161427738011
477,15615,-11006,-6913,-18950,25340,-32764,26375,-25101,25320,1,-1,37440,2020-11-02 14:54:38,2020-11-02 14:55:08,0,DF:DC:EF:28:D6:3E,1,1,1800.8854020393899,-916.8780295634897,-20215.488528542293
478,-1792,-31488,19716,28667,27391,-21242,10246,1523,18409,1,-1,37465,2020-11-02 14:54:38,2020-11-02 14:55:08,0,DF:DC:EF:28:D6:3E,1,1,6516.190055515263,33014.30693942476,-15843.638107134802
479,-14333,25602,9480,27646,-8960,27655,-252,-9998,-26646,1,-1,37491,2020-11-02 14:54:38,2020-11-02 14:55:08,0,DF:DC:EF:28:D6:3E,1,1,-9099.531410001646,-28632.50145094433,-6938.737765621616
480,3079,-21755,7690,8192,9983,17413,20740,-23566,-17685,1,-1,37516,2020-11-02 14:54:38,2020-11-02 14:55:08,0,DF:DC:EF:28:D6:3E,1,1,12882.716908984949,-18822.43032297845,4652.750560644157
481,8712,14089,-8180,-14592,-15105,23298,5124,29426,20460,1,-1,37542,2020-11-02 14:54:38,2020-11-02 14:55:08,0,DF:DC:EF:28:D6:3E,1,1,-12200.275265231812,-12492.313930364311,6033.7916037760715
482,-26611,22793,27406,-14846,-5888,-29698,23300,-30478,25580,1,-1,37568,2020-11-02 14:54:38,2020-11-02 14:55:08,0,DF:DC:EF:28:D6:3E,1,1,31395.94905867961,27412.647935629902,15543.362630460657
483,-8695,264,-14066,3077,513,-6153,-27643,-7694,24811,1,-1,37593,2020-11-02 14:54:38,2020-11-02 14:55:08,0,DF:DC:EF:28:D6:3E,1,1,16163.356338073752,2692.363804892564,-2241.018971484965
484,520,-6140,-16374,-31737,-10750,-5129,23559,-29965,-791,1,-1,37619,2020-11-02 14:54:38,2020-11-02 14:55:08,0,DF:DC:EF:28:D6:3E,1,1,14866.539310738533,-8378.512226069439,3855.440026750608
485,30985,9476,-18930,1030,26365,-27142,-2552,-2061,-5400,1,-1,37644,2020-11-02 14:54:38,2020-11-02 14:55:08,0,DF:DC:EF:28:D6:3E,1,1,30985.0,9476.0,-18930.0
486,29703,-6398,20743,11524,-20478,-22529,-503,-6157,29160,1,-1,37670,2020-11-02 14:54:38,2020-11-02 14:55:08,0,DF:DC:EF:28:D6:3E,1,1,-6534.035972878798,-466.5912513795447,36201.70339237177
763,25357,-25857,-2557,28158,18178,-15865,8452,9455,-28950,1,1,44762,2020-11-02 14:54:38,2020-11-02 14:55:08,0,DF:DC:EF:28:D6:3E,1,1,9696.540949123348,-8886.298729535645,-33839.48781396414
764,-28149,-25338,-9720,-27906,25856,11779,12291,11759,-26133,1,1,44788,2020-11-02 14:54:38,2020-11-02 14:55:08,0,DF:DC:EF:28:D6:3E,1,1,-11036.032891724466,-16875.56024465708,33500.452078169415
765,-22263,-13813,30985,-8193,21759,-1280,-5886,6383,-6165,1,1,44814,2020-11-02 14:54:38,2020-11-02 14:55:08,0,DF:DC:EF:28:D6:3E,1,1,22056.316702986107,92.60033776664206,34059.07634794317
766,-23797,-23028,-25335,-511,29695,20734,16643,-1810,-18965,1,1,44839,2020-11-02 14:54:38,2020-11-02 14:55:08,0,DF:DC:EF:28:D6:3E,1,1,28162.1973462233,-28935.40127073802,-10396.221041019944
767,-12786,-29174,11534,-27132,-28669,5883,25860,20719,-3094,1,1,44865,2020-11-02 14:54:38,2020-11-02 14:55:08,0,DF:DC:EF:28:D6:3E,1,1,14709.905055364643,27798.35897595666,-12589.962649110901
768,-18934,16646,28179,20485,32257,-12550,-6395,-5393,-2327,1,1,44890,2020-11-02 14:54:38,2020-11-02 14:55:08,0,DF:DC:EF:28:D6:3E,1,1,-18934.0,32705.683064382767,1218.0526639460659
769,7193,-15869,-4841,-3582,-19710,-15357,28166,10224,-2327,1,1,44916,2020-11-02 14:54:38,2020-11-02 14:55:08,0,DF:DC:EF:28:D6:3E,1,1,16654.86474727477,6708.989739698975,2145.8396777480953
770,-14298,-16902,9493,-19710,8450,-27393,26886,26608,-14614,1,1,44942,2020-11-02 14:54:38,2020-11-02 14:55:08,0,DF:DC:EF:28:D6:3E,1,1,14763.61729312166,-11552.872520696526,-15125.944530599541
771,-7659,5891,-2025,-19968,-28161,25591,17927,-21520,-26135,1,1,44967,2020-11-02 14:54:38,2020-11-02 14:55:08,0,DF:DC:EF:28:D6:3E,1,1,-497.11392665860086,9060.739908200405,-3888.5289069089545
772,-2036,-27128,18194,-4352,10238,25336,23816,-4368,2536,1,1,44993,2020-11-02 14:54:38,2020-11-02 14:55:08,0,DF:DC:EF:28:D6:3E,1,1,-2036.0,31501.308746420516,8638.14605472092
773,774,-2037,6161,12290,-15106,-13321,-30199,14065,32742,1,1,45018,2020-11-02 14:54:38,2020-11-02 14:55:08,0,DF:DC:EF:28:D6:3E,1,1,-6363.765544191228,-1351.5480351117994,-618.2006206321386
774,-13824,23309,-15859,8451,22527,-22024,-8182,-18959,5093,1,1,45044,2020-11-02 14:54:38,2020-11-02 14:55:08,0,DF:DC:EF:28:D6:3E,1,1,17662.771105290878,-750.9819005879617,25949.621983125126
775,11008,3852,2824,-6399,-28928,-28932,-11509,10226,13284,1,1,45070,2020-11-02 14:54:38,2020-11-02 14:55:08,0,DF:DC:EF:28:D6:3E,1,1,-1714.3827707133373,1427.4421210468454,-11790.345402342651
776,22530,3335,-2809,-9730,-13311,31745,-8693,26354,13284,1,1,45095,2020-11-02 14:54:38,2020-11-02 14:55:08,0,DF:DC:EF:28:D6:3E,1,1,5277.443308934062,-10181.458664763968,19877.12498272046
777,-32240,10239,3089,29946,3073,-5629,-8182,22258,-1564,1,1,45121,2020-11-02 14:54:38,2020-11-02 14:55:08,0,DF:DC:EF:28:D6:3E,1,1,30937.02172481937,8131.4591818554745,11427.016249742224
778,-12020,-16130,30745,-21257,-16128,-24323,-28919,23026,7397,1,1,45147,2020-11-02 14:54:38,2020-11-02 14:55:08,0,DF:DC:EF:28:D6:3E,1,1,35662.08351643176,-7493.933109652343,-4687.1196715150645
779,-13567,-514,6929,-25093,-26621,-3332,-15608,-3598,-15388,1,1,45172,2020-11-02 14:54:38,2020-11-02 14:55:08,0,DF:DC:EF:28:D6:3E,1,1,11569.4106972112,9625.482355311657,-2416.1025530467496
780,-30721,7426,-9725,-21508,7427,7679,15880,-26125,-19484,1,1,45198,2020-11-02 14:54:38,2020-11-02 14:55:08,0,DF:DC:EF:28:D6:3E,1,1,-27159.0949939252,-9682.197395472447,16190.724341611567
781,-26627,21250,3072,12541,19711,-21501,-24057,-23821,2277,1,1,45223,2020-11-02 14:54:38,2020-11-02 14:55:08,0,DF:DC:EF:28:D6:3E,1,1,28055.852285138397,-16214.824208937707,10951.960620260743
782,27903,-4604,-12542,18687,-25602,-32250,-8698,13811,-5915,1,1,45249,2020-11-02 14:54:38,2020-11-02 14:55:08,0,DF:DC:EF:28:D6:3E,1,1,-18673.618316513435,4945.429730773512,-24164.32686310867
783,9987,-2554,-17919,22019,4094,-9465,-31226,-23310,5863,1,1,45275,2020-11-02 14:54:38,2020-11-02 14:55:08,0,DF:DC:EF:28:D6:3E,1,1,-20456.268219511665,-1397.116577058402,-2634.9196954567064
784,-29178,-3578,31233,5125,-7939,-4858,-28154,-1807,18152,1,1,45300,2020-11-02 14:54:38,2020-11-02 14:55:08,0,DF:DC:EF:28:D6:3E,1,1,31891.6420944568,16967.7312997554,-23123.09053864496
1079,-32506,4874,6401,-18942,-32768,10494,-8179,30447,-10792,1,-1,52854,2020-11-02 14:54:38,2020-11-02 14:55:08,0,DF:DC:EF:28:D6:3E,1,1,2099.4265909743303,11573.303655386699,-31353.14599030411
1080,3082,-13556,16134,18689,22530,-4613,24846,-2577,-31272,1,-1,52880,2020-11-02 14:54:38,2020-11-02 14:55:08,0,DF:DC:EF:28:D6:3E,1,1,-19331.28909646086,8932.463114391932,-286.6715526192402
1081,-15095,-16372,-16118,6659,28672,28918,24591,-11792,32215,1,-1,52905,2020-11-02 14:54:38,2020-11-02 14:55:08,0,DF:DC:EF:28:D6:3E,1,1,-5566.647270672349,13541.825927442394,-23266.34311005417
1082,2565,-23538,-26360,-5371,5633,27639,-7920,498,16342,1,-1,52931,2020-11-02 14:54:38,2020-11-02 14:55:08,0,DF:DC:EF:28:D6:3E,1,1,30665.982255853243,16855.377628075406,5564.175257724107
1083,5635,24075,-20473,-8187,32513,22526,13586,-25102,-24107,1,-1,52957,2020-11-02 14:54:38,2020-11-02 14:55:08,0,DF:DC:EF:28:D6:3E,1,1,-19142.653963894452,9010.86917880404,-24142.609943025538
1084,-24298,11,23313,-18175,4867,18700,-1007,17650,727,1,-1,52982,2020-11-02 14:54:38,2020-11-02 14:55:08,0,DF:DC:EF:28:D6:3E,1,1,27344.76843029731,11.0,-19650.76111740753
1085,-19166,15113,6935,23033,21755,-31474,25104,26352,-13864,1,-1,53008,2020-11-02 14:54:38,2020-11-02 14:55:08,0,DF:DC:EF:28:D6:3E,1,1,-14453.29448777923,-20454.926007291386,-4065.8124016935353
1086,-9695,23821,-3298,-29447,1532,3080,23054,-17170,-551,1,-1,53033,2020-11-02 14:54:38,2020-11-02 14:55:08,0,DF:DC:EF:28:D6:3E,1,1,18466.98106280289,-18066.37932211765,-2210.5245113862256
1087,21,29969,-12519,-12545,1536,-19458,-11763,18926,13530,1,-1,53060,2020-11-02 14:54:38,2020-11-02 14:55:08,0,DF:DC:EF:28:D6:3E,1,1,22994.334393771107,7079.976768615692,21817.453511885782
1088,-3,-12013,-17394,25092,23553,17914,-16114,-2578,30937,1,-1,53085,2020-11-02 14:54:38,2020-11-02 14:55:08,0,DF:DC:EF:28:D6:3E,1,1,-10373.67630189819,-3065.5389260191378,18161.84806335791
1089,-25098,-25070,14084,-27899,-6398,25603,-27121,27631,-30503,1,-1,53110,2020-11-02 14:54:38,2020-11-02 14:55:08,0,DF:DC:EF:28:D6:3E,1,1,5210.116604625584,37806.04912009015,-575.2346438945488
1090,-22529,27910,-12791,777,-3580,-14326,26383,10991,27611,1,-1,53136,2020-11-02 14:54:38,2020-11-02 14:55:08,0,DF:DC:EF:28:D6:3E,1,1,-6156.918299534054,35591.080981645355,12062.376781166538
1091,-18169,1783,772,-32754,12547,14603,-23281,-23570,-8483,1,-1,53161,2020-11-02 14:54:38,2020-11-02 14:55:08,0,DF:DC:EF:28:D6:3E,1,1,5289.764135040559,-11476.688274591465,13198.168647334878
1092,1037,-6415,-8203,-8185,21757,21772,-5873,21229,-7457,1,-1,53187,2020-11-02 14:54:38,2020-11-02 14:55:08,0,DF:DC:EF:28:D6:3E,1,1,-9205.933884596485,-4853.023020811291,-1102.6113875314277
1093,30222,-21519,-19470,24831,31995,12294,-31729,-19221,-6688,1,-1,53213,2020-11-02 14:54:38,2020-11-02 14:55:08,0,DF:DC:EF:28:D6:3E,1,1,-3597.089839264105,28859.724674211622,30161.14688497379
726,21773,22020,30477,11268,-20484,-24319,10501,-18447,19176,1,1,43815,2020-11-02 14:54:38,2020-11-02 14:55:08,0,DF:DC:EF:28:D6:3E,1,1,28168.729594039083,9871.673891454837,-31573.156092457335
727,14094,-18426,-24307,-12028,30460,2302,774,13809,4072,1,1,43841,2020-11-02 14:54:38,2020-11-02 14:55:08,0,DF:DC:EF:28:D6:3E,1,1,-27967.46606814727,-18426.0,-2700.3567777297685
728,-30199,16135,25356,-13306,-32515,-30472,-23289,-16,-6938,1,1,43866,2020-11-02 14:54:38,2020-11-02 14:55:08,0,DF:DC:EF:28:D6:3E,1,1,-41338.59064498303,9345.139993117877,-4362.779388824323
729,-17667,2311,22025,15880,-259,-28936,-6903,16113,15077,1,1,43892,2020-11-02 14:54:38,2020-11-02 14:55:08,0,DF:DC:EF:28:D6:3E,1,1,-24814.47522996725,6684.422807257195,11921.599967922151
730,28931,13321,25857,5381,-22788,-9470,18699,-1808,-17948,1,1,43917,2020-11-02 14:54:38,2020-11-02 14:55:08,0,DF:DC:EF:28:D6:3E,1,1,-31017.458293942174,12585.394509519556,-23718.37635723222
731,14859,-11004,20226,-18942,-3844,-18170,30731,3824,21477,1,1,43943,2020-11-02 14:54:38,2020-11-02 14:55:08,0,DF:DC:EF:28:D6:3E,1,1,-17006.854992553814,-14014.021545131443,16289.35408157239
732,8722,-20731,-27386,30720,28415,31751,-4342,18415,29158,1,1,43969,2020-11-02 14:54:38,2020-11-02 14:55:08,0,DF:DC:EF:28:D6:3E,1,1,-23425.073945152883,6105.4032949718985,25881.085801601635
733,-3306,20486,-2806,-772,-32000,17927,-22007,-13586,-3353,1,1,43994,2020-11-02 14:54:38,2020-11-02 14:55:08,0,DF:DC:EF:28:D6:3E,1,1,1478.5916458945196,-20676.96902797271,-2959.085426436367
734,5655,-15353,-21997,-4102,-18433,-19965,16392,26606,-1816,1,1,44020,2020-11-02 14:54:38,2020-11-02 14:55:08,0,DF:DC:EF:28:D6:3E,1,1,-58.81267175942685,26390.917879392797,7421.430963957429
735,26898,15111,16409,-24324,12035,-29186,25095,-24338,17385,1,1,44045,2020-11-02 14:54:38,2020-11-02 14:55:08,0,DF:DC:EF:28:D6:3E,1,1,33651.31737244768,-7363.730123709141,-5870.632313812461
736,-13306,27142,21531,-16898,-9470,15358,15879,23791,233,1,1,44071,2020-11-02 14:54:38,2020-11-02 14:55:08,0,DF:DC:EF:28:D6:3E,1,1,-3199.623757070827,-30873.14033454629,-20345.352655989987
737,16393,17407,-18933,19452,-10497,-3067,28422,26863,-18711,1,1,44097,2020-11-02 14:54:38,2020-11-02 14:55:08,0,DF:DC:EF:28:D6:3E,1,1,6382.189738440755,26876.133819936153,12928.018875118709
738,-8954,-3082,3848,-4871,-4609,-1278,-11772,6895,-18454,1,1,44148,2020-11-02 14:54:38,2020-11-02 14:55:08,0,DF:DC:EF:28:D6:3E,1,1,4463.628651680001,-4193.601215785529,8183.499991010173
785,32523,2564,17413,-13819,-3329,-4093,-5370,-27407,10473,1,-1,45326,2020-11-02 14:54:38,2020-11-02 14:55:08,0,DF:DC:EF:28:D6:3E,1,1,-6523.309112423957,-5413.960501866892,-35995.38392499782
786,20239,31232,-30199,16646,22016,-7937,-21497,-31503,29929,1,-1,45351,2020-11-02 14:54:38,2020-11-02 14:55:08,0,DF:DC:EF:28:D6:3E,1,1,-25174.15774071165,-38923.121907939465,-12177.311237931404
787,-15601,7937,24845,-762,-26113,17916,-6648,-25871,3817,1,-1,45377,2020-11-02 14:54:38,2020-11-02 14:55:08,0,DF:DC:EF:28:D6:3E,1,1,15302.169025202666,25194.72601922761,7398.013175183129
788,22539,-26364,14093,15112,3838,-9481,-15862,-12815,-7705,1,-1,45403,2020-11-02 14:54:38,2020-11-02 14:55:08,0,DF:DC:EF:28:D6:3E,1,1,6051.10610228043,34599.50738852206,12959.08443565949
789,20479,17927,27656,-7159,16125,26615,13069,12018,8934,1,-1,45428,2020-11-02 14:54:38,2020-11-02 14:55:08,0,DF:DC:EF:28:D6:3E,1,1,25188.206691906402,-21122.70993578472,-20615.68515995777
790,-27140,-14841,5889,18695,-26117,23809,4367,6642,16869,1,-1,45454,2020-11-02 14:54:38,2020-11-02 14:55:08,0,DF:DC:EF:28:D6:3E,1,1,17534.99554872276,-2651.7715261506664,26019.362806943784
791,14086,17413,7170,31233,9980,-2550,21263,-10768,-14875,1,-1,45479,2020-11-02 14:54:38,2020-11-02 14:55:08,0,DF:DC:EF:28:D6:3E,1,1,-21387.50182478036,-2876.462030425503,9345.458623445797
792,16405,-254,-12789,-27651,20478,18190,-755,17391,-24857,1,-1,45505,2020-11-02 14:54:38,2020-11-02 14:55:08,0,DF:DC:EF:28:D6:3E,1,1,11987.626145789382,-13490.937719702719,10345.940306800976
793,10783,-5628,-25066,-9990,-6659,-32242,-27381,-13587,4586,1,-1,45531,2020-11-02 14:54:38,2020-11-02 14:55:08,0,DF:DC:EF:28:D6:3E,1,1,-15512.494043143457,22648.717645608936,4759.196000473315
794,-12769,15372,-26086,-5126,8957,8456,13321,-25876,7916,1,-1,45556,2020-11-02 14:54:38,2020-11-02 14:55:08,0,DF:DC:EF:28:D6:3E,1,1,87.22852161996889,32197.389472197643,-6568.534338848545
795,-4591,1809,-6376,13058,-26625,18687,-16376,17132,-31508,1,-1,45582,2020-11-02 14:54:38,2020-11-02 14:55:08,0,DF:DC:EF:28:D6:3E,1,1,7083.477537389696,853.2280694534043,3754.928206875921
796,16896,-3572,11268,-14584,-1278,5885,14090,-16404,-533,1,-1,45607,2020-11-02 14:54:38,2020-11-02 14:55:08,0,DF:DC:EF:28:D6:3E,1,1,186.01581512676103,-8759.486905325388,18666.51042032109
881,23046,-17147,-7926,-4348,-26625,5115,7691,9196,-24860,1,1,47784,2020-11-02 14:54:38,2020-11-02 14:55:08,0,DF:DC:EF:28:D6:3E,1,1,4116.447968611067,-795.9589365059574,-29502.211891536437
882,-8685,6402,-5877,18948,10242,7939,-19701,28396,-6172,1,1,47810,2020-11-02 14:54:38,2020-11-02 14:55:08,0,DF:DC:EF:28:D6:3E,1,1,-4973.476651269595,-5519.609897183751,-9785.315252059452
883,24607,-12287,-5614,-26116,-5379,-30203,-12278,-533,-3099,1,1,47835,2020-11-02 14:54:38,2020-11-02 14:55:08,0,DF:DC:EF:28:D6:3E,1,1,24607.0,8.400426455361412,13508.78582378281
884,-19165,-8444,-18919,23801,21756,9986,27145,14827,-29978,1,1,47861,2020-11-02 14:54:38,2020-11-02 14:55:08,0,DF:DC:EF:28:D6:3E,1,1,15537.489992289507,21506.908426377195,9621.133856200584
885,11805,29198,-10982,14075,-22274,-25863,16393,3819,-23835,1,1,47886,2020-11-02 14:54:38,2020-11-02 14:55:08,0,DF:DC:EF:28:D6:3E,1,1,-6077.973991750449,10349.029133856937,31119.790827416968
886,-8176,-24555,-7141,-14080,11777,-18442,-24822,-14613,-25885,1,1,47912,2020-11-02 14:54:38,2020-11-02 14:55:08,0,DF:DC:EF:28:D6:3E,1,1,-26731.658011521733,-1872.5192190278885,-1643.4761116053387
887,-6905,3597,-1518,-16380,-23292,-12551,15116,-8468,18402,1,1,47940,2020-11-02 14:54:38,2020-11-02 14:55:08,0,DF:DC:EF:28:D6:3E,1,1,6960.840382608128,-874.4987226987358,-3701.8523946600317
888,-25077,-5375,-3322,24837,5641,7931,12045,1262,9698,1,1,47963,2020-11-02 14:54:38,2020-11-02 14:55:08,0,DF:DC:EF:28:D6:3E,1,1,-17973.17384116599,-18260.941859281196,-3505.033878178432
889,-4349,-22532,-1538,-12789,11797,-19472,30478,-6416,16354,1,1,47989,2020-11-02 14:54:38,2020-11-02 14:55:08,0,DF:DC:EF:28:D6:3E,1,1,15543.947779610462,-15061.438105425104,7778.755595928666
890,27636,20479,16125,18694,22803,-23048,-17137,-11788,-9758,1,1,48015,2020-11-02 14:54:38,2020-11-02 14:55:08,0,DF:DC:EF:28:D6:3E,1,1,11398.372484078554,-6387.6273337835755,35671.121145247205
891,28163,-8962,-511,26105,22022,-10743,-27634,-18955,-21788,1,1,48040,2020-11-02 14:54:38,2020-11-02 14:55:08,0,DF:DC:EF:28:D6:3E,1,1,27582.488488116767,-2376.0172078123896,10358.281953639093
892,23304,4095,9731,-19718,-18684,-5884,-12532,-29195,16614,1,1,48066,2020-11-02 14:54:38,2020-11-02 14:55:08,0,DF:DC:EF:28:D6:3E,1,1,-6145.293064601971,-3739.912591817987,-24551.70521482604
709,31491,15625,22026,516,23040,-25866,-507,14830,-25623,1,-1,43380,2020-11-02 14:54:38,2020-11-02 14:55:08,0,DF:DC:EF:28:D6:3E,1,1,-16350.413198882074,-4973.607005412359,-37800.735489954895
710,22018,23816,28425,-26621,-21761,-8448,21255,31470,-21784,1,-1,43405,2020-11-02 14:54:38,2020-11-02 14:55:08,0,DF:DC:EF:28:D6:3E,1,1,-33600.51547070485,23078.248161023574,14084.552776752815
711,-8430,-25344,-2806,0,27390,7689,-27642,-275,1002,1,-1,43431,2020-11-02 14:54:38,2020-11-02 14:55:08,0,DF:DC:EF:28:D6:3E,1,1,-8430.0,18689.531729001428,-17346.278440940838
712,17949,8447,-6644,-7427,13311,-3067,10757,27373,-22037,1,-1,43457,2020-11-02 14:54:38,2020-11-02 14:55:08,0,DF:DC:EF:28:D6:3E,1,1,15683.754936599351,-8021.65188619106,11284.240253799231
713,-27110,1028,-21738,-22532,2306,19199,24068,27373,5868,1,-1,43482,2020-11-02 14:54:38,2020-11-02 14:55:08,0,DF:DC:EF:28:D6:3E,1,1,18491.15427250545,-2893.8401194112544,-29295.945641567694
714,1049,-4859,-14050,-9732,29444,15358,-2813,9198,-2069,1,-1,43508,2020-11-02 14:54:38,2020-11-02 14:55:08,0,DF:DC:EF:28:D6:3E,1,1,-11255.890217695269,-4859.0,-8473.950460510847
715,15896,-3574,-19169,13052,-20734,-8202,12036,-12306,-5910,1,-1,43533,2020-11-02 14:54:38,2020-11-02 14:55:08,0,DF:DC:EF:28:D6:3E,1,1,10022.00395072646,19404.702738827964,12486.94524010359
716,28168,9232,-477,31231,-27898,-21518,32005,-785,32488,1,-1,43559,2020-11-02 14:54:38,2020-11-02 14:55:08,0,DF:DC:EF:28:D6:3E,1,1,10062.779328308754,-26397.882181875302,-8988.095766156053
717,-2558,-26865,2839,770,26375,-13321,-16122,-22799,-3354,1,-1,43585,2020-11-02 14:54:38,2020-11-02 14:55:08,0,DF:DC:EF:28:D6:3E,1,1,-748.1926660855445,13761.280158597092,-23375.176708016937
718,4346,26112,27904,-18178,-27643,29433,24583,-6414,2022,1,-1,43610,2020-11-02 14:54:38,2020-11-02 14:55:08,0,DF:DC:EF:28:D6:3E,1,1,34324.807182877616,4049.874601081792,-16874.940105783673
719,-21509,-1033,16120,1022,14598,-16897,13063,-3085,-20251,1,-1,43636,2020-11-02 14:54:38,2020-11-02 14:55:08,0,DF:DC:EF:28:D6:3E,1,1,19285.89386312561,17120.958384923575,-7647.591247050866
720,-17130,2291,-10750,-18439,-32508,-18425,-16379,-28172,5607,1,-1,43661,2020-11-02 14:54:38,2020-11-02 14:55:08,0,DF:DC:EF:28:D6:3E,1,1,13005.95932713974,-10728.33974090558,11401.571355935672
721,-32493,25338,-3323,31226,13310,10497,23300,21748,-9753,1,-1,43687,2020-11-02 14:54:38,2020-11-02 14:55:08,0,DF:DC:EF:28:D6:3E,1,1,31.215440605136568,-35356.398515093075,21419.050670797533
722,23045,21250,-1278,-14338,-6918,8446,2308,-17933,-29721,1,-1,43713,2020-11-02 14:54:38,2020-11-02 14:55:08,0,DF:DC:EF:28:D6:3E,1,1,-26797.55803641516,-15676.495249273357,4517.320996395009
723,23293,-21756,26114,-15359,22780,5631,23556,6899,7655,1,-1,43738,2020-11-02 14:54:38,2020-11-02 14:55:08,0,DF:DC:EF:28:D6:3E,1,1,-22071.268520964408,28523.80741726038,-19926.863709538622
724,17153,-26365,5891,18179,6142,8195,-16380,-17678,17383,1,-1,43764,2020-11-02 14:54:38,2020-11-02 14:55:08,0,DF:DC:EF:28:D6:3E,1,1,17513.943930713885,-18989.992813294462,-18886.09160050948
725,-16118,25858,3082,-11006,-21507,6404,-12028,18674,-3865,1,-1,43789,2020-11-02 14:54:38,2020-11-02 14:55:08,0,DF:DC:EF:28:D6:3E,1,1,12457.603423823926,-7958.270229959257,26821.61188075158
1043,-23024,-22265,-26619,20739,-22009,25346,25105,-16406,31707,1,1,51932,2020-11-02 14:54:38,2020-11-02 14:55:08,0,DF:DC:EF:28:D6:3E,1,1,-11478.484663822881,19089.77457665712,-35188.50463482071
1044,4637,-9213,-16119,-20738,-2557,-16636,3344,-3862,19933,1,1,51958,2020-11-02 14:54:38,2020-11-02 14:55:08,0,DF:DC:EF:28:D6:3E,1,1,-3290.4565724807085,9775.174348553508,-16119.0
1045,3358,5635,-20464,-7689,22528,-24314,-755,-32022,-13090,1,1,51984,2020-11-02 14:54:38,2020-11-02 14:55:08,0,DF:DC:EF:28:D6:3E,1,1,12893.722283972187,14632.403661996976,-9024.930677638282
1046,29470,-6653,-19179,6390,18431,27656,-3830,-12055,-21280,1,1,52009,2020-11-02 14:54:38,2020-11-02 14:55:08,0,DF:DC:EF:28:D6:3E,1,1,-6062.64497455211,5856.043871276837,34778.27534669048
1047,5399,15622,-4587,6390,-28672,28932,1800,26345,18914,1,1,52036,2020-11-02 14:54:38,2020-11-02 14:55:08,0,DF:DC:EF:28:D6:3E,1,1,-2147.5840234389048,-15473.786900311914,7084.239961068892
1048,779,-17924,15120,-2822,8708,-26624,19462,-19223,2531,1,1,52060,2020-11-02 14:54:38,2020-11-02 14:55:08,0,DF:DC:EF:28:D6:3E,1,1,1698.1309025715525,15610.890987201192,17432.941548214178
1049,31497,24825,22791,12278,13570,12549,20228,13034,9700,1,1,52086,2020-11-02 14:54:38,2020-11-02 14:55:08,0,DF:DC:EF:28:D6:3E,1,1,6941.011010354589,-40629.422127082995,-20708.542652090106
1050,25100,25600,32267,-8978,27129,-11769,23552,-25879,9958,1,1,52112,2020-11-02 14:54:38,2020-11-02 14:55:08,0,DF:DC:EF:28:D6:3E,1,1,-31878.718598407584,-35421.9241775624,7454.1181290990235
1051,520,6404,-32498,21495,-1288,-23290,25340,-31256,27368,1,1,52137,2020-11-02 14:54:38,2020-11-02 14:55:08,0,DF:DC:EF:28:D6:3E,1,1,-32154.213093235136,6802.043797245489,4152.156130877102
1052,27912,-31999,21251,-2047,-17410,17411,-12294,13032,-1047,1,1,52163,2020-11-02 14:54:38,2020-11-02 14:55:08,0,DF:DC:EF:28:D6:3E,1,1,6800.575696409132,32639.76224014457,-33808.56159472393
1053,-24312,10240,-11013,10499,10497,-18433,1275,16872,20202,1,1,52214,2020-11-02 14:54:38,2020-11-02 14:55:08,0,DF:DC:EF:28:D6:3E,1,1,-1547.304742879871,-10122.949796717894,26689.864151879654
1054,31750,8962,6140,10496,-21502,-20484,-2309,29160,32233,1,1,52216,2020-11-02 14:54:38,2020-11-02 14:55:08,0,DF:DC:EF:28:D6:3E,1,1,9478.474015012,-448.20503498260217,32187.531539298856
1055,-20474,26117,15618,-28419,-5374,27645,-18692,-15128,22504,1,1,52240,2020-11-02 14:54:38,2020-11-02 14:55:08,0,DF:DC:EF:28:D6:3E,1,1,-22333.592184807207,27074.284450640902,-10648.853018447691
1056,-16885,4104,13830,1790,28419,-16641,-12036,15337,-11033,1,1,52265,2020-11-02 14:54:38,2020-11-02 14:55:08,0,DF:DC:EF:28:D6:3E,1,1,8280.424307391782,7218.14428123741,19301.500134051625
1057,-5359,-505,30986,-11264,-13309,-2308,20733,-17431,12263,1,1,52291,2020-11-02 14:54:38,2020-11-02 14:55:08,0,DF:DC:EF:28:D6:3E,1,1,-491.96558949645265,10381.290987144934,29683.20854117652
1058,-18157,-12794,29963,3589,22787,-21258,-31745,16618,12773,1,1,52316,2020-11-02 14:54:38,2020-11-02 14:55:08,0,DF:DC:EF:28:D6:3E,1,1,27707.996235551538,17221.354900900686,18078.615378061608
1059,-22512,5126,8714,-30713,14079,-3088,30467,-30486,-21791,1,1,52342,2020-11-02 14:54:38,2020-11-02 14:55:08,0,DF:DC:EF:28:D6:3E,1,1,10026.091536518255,-8480.101013376596,20894.142511821017
1060,-15350,10248,-1789,22278,-14596,26867,-17145,-18710,-15395,1,1,52368,2020-11-02 14:54:38,2020-11-02 14:55:08,0,DF:DC:EF:28:D6:3E,1,1,-12184.489538250735,-12466.559039195936,6321.996948314713
1061,27405,6661,6151,7429,-26879,-13316,3338,2027,-4645,1,1,52393,2020-11-02 14:54:38,2020-11-02 14:55:08,0,DF:DC:EF:28:D6:3E,1,1,27405.0,6661.0,6151.0
1062,27930,-17152,-26100,12805,8707,-28414,24842,24811,-32036,1,1,52444,2020-11-02 14:54:38,2020-11-02 14:55:08,0,DF:DC:EF:28:D6:3E,1,1,-3437.2415887238753,-41730.28604592715,1501.5328121107175
328,11,-29688,-9965,-4608,15618,762,27653,18934,-1298,1,-1,33624,2020-11-02 14:54:38,2020-11-02 14:55:08,0,DF:DC:EF:28:D6:3E,1,1,4078.9811713917206,11863.834950455408,-28693.0309112123
329,11780,18957,-8685,-24573,1542,28152,14342,29431,1518,1,-1,33650,2020-11-02 14:54:38,2020-11-02 14:55:08,0,DF:DC:EF:28:D6:3E,1,1,-16653.743791999845,8.352571556866678,17210.991312093996
330,27643,-30709,-9463,-14079,-8705,10491,4359,4856,9197,1,-1,33676,2020-11-02 14:54:38,2020-11-02 14:55:08,0,DF:DC:EF:28:D6:3E,1,1,40776.30911357868,6668.638922139977,-9463.0
331,20734,-17147,12043,22524,4608,-9728,-6650,25080,-2836,1,-1,33701,2020-11-02 14:54:38,2020-11-02 14:55:08,0,DF:DC:EF:28:D6:3E,1,1,-29396.73364301061,869.271431320505,2007.1453112761276
332,27907,17913,22535,-25611,32766,5126,-28667,-9481,-28179,1,-1,33727,2020-11-02 14:54:38,2020-11-02 14:55:08,0,DF:DC:EF:28:D6:3E,1,1,15616.50849479626,7205.004461375233,36217.60643863036
333,7175,27894,28688,16884,-12033,24837,18179,-19977,-28690,1,-1,33752,2020-11-02 14:54:38,2020-11-02 14:55:08,0,DF:DC:EF:28:D6:3E,1,1,29327.12436124921,-12482.48873760005,25232.21069616198
334,26630,15353,27914,-29446,6914,6916,-16895,-15625,26607,1,-1,33778,2020-11-02 14:54:38,2020-11-02 14:55:08,0,DF:DC:EF:28:D6:3E,1,1,6415.925426633879,-21628.66303145271,34858.280815205784
335,22275,14078,21768,-5891,-17918,-1278,2305,5112,-1553,1,-1,33804,2020-11-02 14:54:38,2020-11-02 14:55:08,0,DF:DC:EF:28:D6:3E,1,1,22275.0,14078.0,21768.0
336,4863,-24063,-15098,-14853,-7168,9732,24576,21496,-32016,1,-1,33829,2020-11-02 14:54:38,2020-11-02 14:55:08,0,DF:DC:EF:28:D6:3E,1,1,-4367.301727599521,403.6869881741634,-28484.90924043264
337,5891,24064,-20473,23036,-28162,23561,23295,17144,-19471,1,-1,33855,2020-11-02 14:54:38,2020-11-02 14:55:08,0,DF:DC:EF:28:D6:3E,1,1,2368.3943429937026,31876.529888902583,-3346.827823174613
338,8969,19967,-30970,11774,-28164,-17145,29694,-5897,13043,1,-1,33880,2020-11-02 14:54:38,2020-11-02 14:55:08,0,DF:DC:EF:28:D6:3E,1,1,10056.368127085996,35780.0924105194,-7544.494495141545
339,-4615,-17920,-8190,24832,23554,-31231,5118,-29961,-3341,1,-1,33906,2020-11-02 14:54:38,2020-11-02 14:55:08,0,DF:DC:EF:28:D6:3E,1,1,-9162.690795403892,-17920.0,2102.242228626561
340,-21502,-7424,7177,-13818,-9470,30723,-12546,25080,-2317,1,-1,33932,2020-11-02 14:54:38,2020-11-02 14:55:08,0,DF:DC:EF:28:D6:3E,1,1,11206.087275377346,9615.501746853904,-18733.041481107
341,-6650,-24573,-29175,10241,28925,-15870,11263,13304,-26124,1,-1,33957,2020-11-02 14:54:38,2020-11-02 14:55:08,0,DF:DC:EF:28:D6:3E,1,1,11318.453301985093,-30351.250266053936,21211.54582151296
342,-24822,-15616,-24051,3840,19196,13567,11007,-20233,-18956,1,-1,33983,2020-11-02 14:54:38,2020-11-02 14:55:08,0,DF:DC:EF:28:D6:3E,1,1,-26313.62926305282,-15671.065663769034,22370.79249755023
343,-27642,20233,12563,27649,18431,-19208,-28161,22007,-7181,1,-1,34034,2020-11-02 14:54:38,2020-11-02 14:55:08,0,DF:DC:EF:28:D6:3E,1,1,-3802.078623463478,-36152.987084699285,-3128.7609359886737
344,1287,-4855,-14577,-8697,-17918,21496,-2304,-27401,-25614,1,-1,34036,2020-11-02 14:54:38,2020-11-02 14:55:08,0,DF:DC:EF:28:D6:3E,1,1,11435.084423478667,-5812.18924882339,8554.158249867567
345,27139,-21497,8467,-250,24575,28153,-24062,-5641,25329,1,-1,34060,2020-11-02 14:54:38,2020-11-02 14:55:08,0,DF:DC:EF:28:D6:3E,1,1,-11954.591505914912,-25535.007669689898,-21803.383779486736
346,-28666,-32765,-19697,28419,3835,-9216,-25341,24567,-6160,1,-1,34085,2020-11-02 14:54:38,2020-11-02 14:55:08,0,DF:DC:EF:28:D6:3E,1,1,45563.751680508816,-3733.4710375194973,-13901.88177222539
347,2575,-15614,-1007,-13569,18172,16387,-22525,-25354,17393,1,-1,34111,2020-11-02 14:54:38,2020-11-02 14:55:08,0,DF:DC:EF:28:D6:3E,1,1,-2892.863698040707,-15058.087911383423,-4040.6680236820393
348,21775,22785,27161,-16388,-22530,-8448,14339,11510,-31503,1,-1,34137,2020-11-02 14:54:38,2020-11-02 14:55:08,0,DF:DC:EF:28:D6:3E,1,1,32633.49905251284,-10175.056175974007,-23718.131090063078
349,19984,-7679,-1762,-13316,27902,-30976,-23806,-1291,-26127,1,-1,34162,2020-11-02 14:54:38,2020-11-02 14:55:08,0,DF:DC:EF:28:D6:3E,1,1,-17870.240637034283,10971.463830766608,-4659.766301507896
350,9228,-14847,-3047,5632,-4354,-16130,32002,-18699,-31759,1,-1,34188,2020-11-02 14:54:38,2020-11-02 14:55:08,0,DF:DC:EF:28:D6:3E,1,1,3713.607663932613,-12593.52278879682,-11936.74595048567
543,23302,-29181,7943,27400,24063,13054,-15868,-27152,4589,1,1,39130,2020-11-02 14:54:38,2020-11-02 14:55:08,0,DF:DC:EF:28:D6:3E,1,1,2348.375253108201,19366.130298558557,-32818.338546151936
544,20488,26624,9735,-27386,-2308,26622,7942,21232,-21268,1,1,39155,2020-11-02 14:54:38,2020-11-02 14:55:08,0,DF:DC:EF:28:D6:3E,1,1,17089.222629854903,-3819.884829483453,-30277.59394002002
545,14856,-12803,-5370,15621,15610,-16900,31239,-16145,-4629,1,1,39181,2020-11-02 14:54:38,2020-11-02 14:55:08,0,DF:DC:EF:28:D6:3E,1,1,-15960.71785599156,-8781.150315426741,9033.345430089179
546,-13052,29950,-29950,-7678,-10249,1019,1289,-6674,-31766,1,1,39206,2020-11-02 14:54:38,2020-11-02 14:55:08,0,DF:DC:EF:28:D6:3E,1,1,-23571.30476537804,25900.187094019715,-27164.933354463454
547,26628,-8957,23551,768,-1798,-7685,13066,18670,4073,1,1,39232,2020-11-02 14:54:38,2020-11-02 14:55:08,0,DF:DC:EF:28:D6:3E,1,1,-28893.954193400463,-17687.436484218877,14007.920462595386
548,23808,-12538,-16893,17917,19966,22780,-14838,8942,-2329,1,1,39257,2020-11-02 14:54:38,2020-11-02 14:55:08,0,DF:DC:EF:28:D6:3E,1,1,28372.449939886465,-10143.112394738173,-10075.570075997966
549,8193,21769,-30705,2043,12805,-13309,1034,28910,6376,1,1,39283,2020-11-02 14:54:38,2020-11-02 14:55:08,0,DF:DC:EF:28:D6:3E,1,1,-1153.7586365736788,38493.5347452089,-853.3808223332691
550,14869,15364,31259,30715,-23544,3342,23303,10479,-5142,1,1,39309,2020-11-02 14:54:38,2020-11-02 14:55:08,0,DF:DC:EF:28:D6:3E,1,1,-18943.602398478968,13614.308609881991,-29833.794047074112
551,3109,30726,-17896,-8968,511,1030,-12284,6383,20973,1,1,39334,2020-11-02 14:54:38,2020-11-02 14:55:08,0,DF:DC:EF:28:D6:3E,1,1,19508.47876620595,26572.199142751888,-13687.850888522536
552,-11245,-12791,12571,-7687,-9986,-22283,30212,-9746,13804,1,1,39360,2020-11-02 14:54:38,2020-11-02 14:55:08,0,DF:DC:EF:28:D6:3E,1,1,410.16687393537,-21144.646439170858,-908.5356888890668
553,6144,-13560,-8679,-17662,4102,-27656,-21755,-16913,12522,1,1,39386,2020-11-02 14:54:38,2020-11-02 14:55:08,0,DF:DC:EF:28:D6:3E,1,1,-6053.601092821676,-16088.056472490181,1214.7961750659847
554,15622,17667,-4094,-15102,32518,12292,3846,-9232,-25366,1,1,39411,2020-11-02 14:54:38,2020-11-02 14:55:08,0,DF:DC:EF:28:D6:3E,1,1,-21139.366391631982,-2552.881589174945,10933.462084444796
85,22025,-31480,-25079,-18943,-23296,12796,26122,-18703,-18455,1,-1,27402,2020-11-02 14:54:38,2020-11-02 14:55:08,0,DF:DC:EF:28:D6:3E,1,1,27430.331476922733,2297.10548510047,-36706.232269962864
86,-26104,26889,-9206,-17151,-24062,-7430,3339,18930,5865,1,-1,27428,2020-11-02 14:54:38,2020-11-02 14:55:08,0,DF:DC:EF:28:D6:3E,1,1,-9365.342430150582,35180.92718796758,12797.667614098476
87,-29177,-10999,17932,-8959,516,-28422,-21493,10483,-32280,1,-1,27454,2020-11-02 14:54:38,2020-11-02 14:55:08,0,DF:DC:EF:28:D6:3E,1,1,-21206.962526385887,-24382.452290884372,15798.503558477056
88,19206,11017,26637,-27648,30726,-27652,-245,13300,18920,1,-1,27479,2020-11-02 14:54:38,2020-11-02 14:55:08,0,DF:DC:EF:28:D6:3E,1,1,-17620.752381805425,-8616.589833914155,-28548.869664720278
89,30727,20743,-16623,-26371,16392,23552,-28917,24565,-12056,1,-1,27505,2020-11-02 14:54:38,2020-11-02 14:55:08,0,DF:DC:EF:28:D6:3E,1,1,32982.2296001681,19623.97129670962,13334.803641138184
90,-10745,-17403,-9198,-2055,30212,-29949,31242,3830,-20503,1,-1,27530,2020-11-02 14:54:38,2020-11-02 14:55:08,0,DF:DC:EF:28:D6:3E,1,1,8696.115506707605,15135.422171196124,14079.034370071844
91,-1018,-23807,-9455,11512,-16127,774,-7416,5110,-22806,1,-1,27556,2020-11-02 14:54:38,2020-11-02 14:55:08,0,DF:DC:EF:28:D6:3E,1,1,-1930.1771036384343,20754.3982598805,14924.341433338332
92,-27640,26877,-1776,-18951,27394,11272,15111,2038,-2325,1,-1,27582,2020-11-02 14:54:38,2020-11-02 14:55:08,0,DF:DC:EF:28:D6:3E,1,1,-27640.0,-9569.866295835134,25178.263722501568
93,28173,21758,5392,-26631,-28418,-23800,-26619,-20491,29677,1,-1,27607,2020-11-02 14:54:38,2020-11-02 14:55:08,0,DF:DC:EF:28:D6:3E,1,1,-25980.576744971782,23305.00536141524,-8836.770569786117
94,21517,26112,23309,11004,1019,22531,25092,-9484,18414,1,-1,27633,2020-11-02 14:54:38,2020-11-02 14:55:08,0,DF:DC:EF:28:D6:3E,1,1,-40744.70072669973,5229.863233899332,-803.2479358095205
95,-14329,-1280,-9976,-17662,1788,11517,-32508,7924,1774,1,-1,27658,2020-11-02 14:54:38,2020-11-02 14:55:08,0,DF:DC:EF:28:D6:3E,1,1,-11156.038983173225,9203.14096664654,9865.30321652363
96,14340,-24575,-17150,11271,12288,-9478,-13051,3572,12525,1,-1,27684,2020-11-02 14:54:38,2020-11-02 14:55:08,0,DF:DC:EF:28:D6:3E,1,1,-1086.7622482767185,15273.052489307393,29482.902511024626
97,16131,30721,18684,-12026,28162,-9221,19207,31476,32236,1,-1,27710,2020-11-02 14:54:38,2020-11-02 14:55:08,0,DF:DC:EF:28:D6:3E,1,1,-26542.5900436438,-26785.071125934952,11451.276634230184
813,23061,9479,23828,-15874,18175,24318,21763,-5651,-19725,1,1,46043,2020-11-02 14:54:38,2020-11-02 14:55:08,0,DF:DC:EF:28:D6:3E,1,1,-24629.037922664214,9364.814813252813,-22251.864652595934
814,1038,26113,12041,-15866,21251,-25865,-15100,21998,-32270,1,1,46068,2020-11-02 14:54:38,2020-11-02 14:55:08,0,DF:DC:EF:28:D6:3E,1,1,-1521.22091898904,-4853.405787744416,28321.05635697791
815,-27903,6400,-254,4870,13570,-4618,5639,13039,-17168,1,1,46120,2020-11-02 14:54:38,2020-11-02 14:55:08,0,DF:DC:EF:28:D6:3E,1,1,1083.426425067151,-13011.857027340595,25477.82739719997
816,-17922,32511,-31745,16129,23805,26367,9224,21999,-5905,1,1,46122,2020-11-02 14:54:38,2020-11-02 14:55:08,0,DF:DC:EF:28:D6:3E,1,1,47623.38535602161,7781.879991484664,-7573.885464541757
817,2303,26367,9983,23551,18683,-10239,7432,-24850,-8465,1,1,46145,2020-11-02 14:54:38,2020-11-02 14:55:08,0,DF:DC:EF:28:D6:3E,1,1,15383.576567453283,-13139.10229420177,-19770.99769601433
818,31486,-29953,9214,3072,26877,16641,3848,3566,-6161,1,1,46171,2020-11-02 14:54:38,2020-11-02 14:55:08,0,DF:DC:EF:28:D6:3E,1,1,-8192.622005386678,-42678.23039532983,9214.0
819,27138,8706,1536,-14593,-11778,-26623,-3065,-17427,3824,1,1,46196,2020-11-02 14:54:38,2020-11-02 14:55:08,0,DF:DC:EF:28:D6:3E,1,1,-27083.17670512284,8706.0,2309.086303950392
820,-14585,32260,4355,-9473,-31489,-22784,-13561,-30227,15600,1,1,46222,2020-11-02 14:54:38,2020-11-02 14:55:08,0,DF:DC:EF:28:D6:3E,1,1,22757.11908803546,-26981.06098485101,5150.895936118542
821,523,19977,-4602,5377,5632,-18180,8712,-26387,-6929,1,1,46248,2020-11-02 14:54:38,2020-11-02 14:55:08,0,DF:DC:EF:28:D6:3E,1,1,18013.314252091608,-909.8844139818519,-9758.333977098051
822,27654,-20467,-11768,2563,7167,12792,32265,-3091,-28946,1,1,46273,2020-11-02 14:54:38,2020-11-02 14:55:08,0,DF:DC:EF:28:D6:3E,1,1,24232.73099217227,21670.21016786525,16288.16653099921
823,5634,18698,-27381,-21757,5633,24829,-4598,22766,22765,1,1,46299,2020-11-02 14:54:38,2020-11-02 14:55:08,0,DF:DC:EF:28:D6:3E,1,1,6708.475664883077,-19843.28185047467,26311.914424007504
438,17915,-25849,20726,-3331,28154,-13817,-6906,-22031,26094,1,-1,36441,2020-11-02 14:54:38,2020-11-02 14:55:08,0,DF:DC:EF:28:D6:3E,1,1,17261.342706832544,14670.645593517022,-30091.582009370966
439,17161,-27133,21247,15612,24072,-15871,-20731,-4111,32495,1,-1,36467,2020-11-02 14:54:38,2020-11-02 14:55:08,0,DF:DC:EF:28:D6:3E,1,1,33501.255267473905,-7985.991091691889,-17205.361396581284
440,26888,-13046,-10489,-6660,-2815,-12553,-30459,-9230,-7698,1,-1,36492,2020-11-02 14:54:38,2020-11-02 14:55:08,0,DF:DC:EF:28:D6:3E,1,1,20239.41748283365,-19754.464491281684,14258.64276915088
441,16642,16652,-29429,-13825,-20732,13812,15366,-14861,8429,1,-1,36518,2020-11-02 14:54:38,2020-11-02 14:55:08,0,DF:DC:EF:28:D6:3E,1,1,-33884.073239992715,-16069.57351910419,3734.929260496803
442,-28669,-28913,-27127,6148,9478,-28683,31751,14325,-27669,1,-1,36543,2020-11-02 14:54:38,2020-11-02 14:55:08,0,DF:DC:EF:28:D6:3E,1,1,6189.894556025577,45177.11942537831,17733.029769624554
443,8707,-18162,2570,14338,19461,16375,-28664,-25866,24042,1,-1,36569,2020-11-02 14:54:38,2020-11-02 14:55:08,0,DF:DC:EF:28:D6:3E,1,1,6210.720820341072,18842.985106302087,4317.852727393518
444,8708,-13301,15627,-4098,-24064,23037,-5112,23287,-19735,1,-1,36595,2020-11-02 14:54:38,2020-11-02 14:55:08,0,DF:DC:EF:28:D6:3E,1,1,15466.127756842088,15640.098411725201,-3624.2527340942243
445,-30454,14596,13076,-25091,1791,1029,-32504,6135,-2071,1,-1,36620,2020-11-02 14:54:38,2020-11-02 14:55:08,0,DF:DC:EF:28:D6:3E,1,1,-1555.596338772662,-8398.560556473949,35192.5476288665
446,-234,25603,-13033,-7683,13824,-5627,-14329,-21514,-4374,1,-1,36646,2020-11-02 14:54:38,2020-11-02 14:55:08,0,DF:DC:EF:28:D6:3E,1,1,2751.6523822263202,-22505.4808199356,17645.373224471594
447,-18663,-24319,536,12283,12544,23039,2567,-32010,22507,1,-1,36673,2020-11-02 14:54:38,2020-11-02 14:55:08,0,DF:DC:EF:28:D6:3E,1,1,8164.0655262483,23401.07332801792,18048.446669446443
448,-15098,-7160,291,-10756,-3844,-16392,-21242,28662,30442,1,-1,36697,2020-11-02 14:54:38,2020-11-02 14:55:08,0,DF:DC:EF:28:D6:3E,1,1,5425.2356172088375,6793.369605289951,-14272.940583625059
449,18948,-4339,22553,-6912,-32255,-20991,-5882,11766,-18455,1,-1,36723,2020-11-02 14:54:38,2020-11-02 14:55:08,0,DF:DC:EF:28:D6:3E,1,1,-4102.5179105199595,-17386.263870599534,-23819.710523340716
450,15108,-18939,11796,-31488,1534,4606,4359,25846,-15127,1,-1,36748,2020-11-02 14:54:38,2020-11-02 14:55:08,0,DF:DC:EF:28:D6:3E,1,1,-9396.587209531226,24978.460765621123,3723.3919474050126
451,-22028,-6402,30465,6654,754,13059,9991,8693,20457,1,-1,36774,2020-11-02 14:54:38,2020-11-02 14:55:08,0,DF:DC:EF:28:D6:3E,1,1,6663.938895858602,28438.613323156475,24518.805102374994
452,-18193,-15368,-14599,-16139,-14859,25357,-26107,-5390,18410,1,-1,36799,2020-11-02 14:54:38,2020-11-02 14:55:08,0,DF:DC:EF:28:D6:3E,1,1,15034.182644048735,-23450.055278250944,-2087.99752690437
1137,16398,14860,-30966,-11009,-29438,-5897,-3830,9706,-27169,1,1,54339,2020-11-02 14:54:38,2020-11-02 14:55:08,0,DF:DC:EF:28:D6:3E,1,1,-5.301671889577847,-22727.962466544883,-30529.442412392706
1138,5387,-2549,-5884,8705,-22015,2813,4876,-9494,26334,1,1,54365,2020-11-02 14:54:38,2020-11-02 14:55:08,0,DF:DC:EF:28:D6:3E,1,1,-7067.920533359092,-4283.710277145886,1353.8654274320045
1139,-26598,12036,-13815,30465,26114,-2300,32267,3819,26079,1,1,54390,2020-11-02 14:54:38,2020-11-02 14:55:08,0,DF:DC:EF:28:D6:3E,1,1,9943.6859083668,26556.95939526073,-15460.405662020004
1140,-14303,19969,-14320,-16642,-7682,7427,-24822,-18710,27360,1,1,54416,2020-11-02 14:54:38,2020-11-02 14:55:08,0,DF:DC:EF:28:D6:3E,1,1,-8674.549507544514,-6654.578797876037,-26246.293869116413
1141,-2526,11264,-11753,25855,25855,-14590,-2039,25834,-1312,1,1,54442,2020-11-02 14:54:38,2020-11-02 14:55:08,0,DF:DC:EF:28:D6:3E,1,1,10545.803513655565,11264.0,5770.590372862204
1142,-22495,5636,-8942,27901,-17924,9473,29193,-7191,22497,1,1,54493,2020-11-02 14:54:38,2020-11-02 14:55:08,0,DF:DC:EF:28:D6:3E,1,1,6401.665166339917,6133.963406540273,-23219.432831688522
1143,-5358,-7159,32018,2813,-9471,17916,-29687,-13079,-22816,1,1,54495,2020-11-02 14:54:38,2020-11-02 14:55:08,0,DF:DC:EF:28:D6:3E,1,1,-4830.703751448457,32375.86766528019,-5794.761702262371
1144,9,20748,-13043,13315,-4606,4091,-20470,26346,-31777,1,1,54518,2020-11-02 14:54:38,2020-11-02 14:55:08,0,DF:DC:EF:28:D6:3E,1,1,19316.570288982235,-13600.206967837794,-6519.502795672763
1145,-26874,-19705,-3570,31745,28672,24319,10763,6891,18911,1,1,54544,2020-11-02 14:54:38,2020-11-02 14:55:08,0,DF:DC:EF:28:D6:3E,1,1,30873.107846257,3319.0072698062995,12612.66045116403
1146,-18178,27396,-15610,-10241,14593,-29436,-18422,-2838,-5409,1,1,54570,2020-11-02 14:54:38,2020-11-02 14:55:08,0,DF:DC:EF:28:D6:3E,1,1,-18178.0,-29324.71776268033,11587.659131124832
1147,-20994,2051,-19449,29446,22017,19973,8970,-17174,13793,1,1,54596,2020-11-02 14:54:38,2020-11-02 14:55:08,0,DF:DC:EF:28:D6:3E,1,1,-22848.004138649918,7933.983557120084,-15434.987845657159
1148,-9475,-3592,21246,28426,-17915,8709,21770,-790,-14110,1,1,54621,2020-11-02 14:54:38,2020-11-02 14:55:08,0,DF:DC:EF:28:D6:3E,1,1,4450.213163232757,8383.459190874437,-21540.28365172411
1149,-9205,-4877,-15619,-26876,-15357,-27895,23049,13291,23013,1,1,54647,2020-11-02 14:54:38,2020-11-02 14:55:08,0,DF:DC:EF:28:D6:3E,1,1,-17298.76543120441,-6821.8681656035815,2585.564597392929
1150,-20976,13049,-28933,-3076,-29442,21506,1544,-17174,-2842,1,1,54672,2020-11-02 14:54:38,2020-11-02 14:55:08,0,DF:DC:EF:28:D6:3E,1,1,35037.79849376031,13049.0,-7033.046403277028
1151,32263,22532,2052,14076,-12800,29945,7688,-14358,998,1,1,54698,2020-11-02 14:54:38,2020-11-02 14:55:08,0,DF:DC:EF:28:D6:3E,1,1,-31674.584990813863,10447.39309499512,20985.12664194233
1152,22277,-499,-12027,4353,-30972,-20486,1033,-20757,-14108,1,1,54723,2020-11-02 14:54:38,2020-11-02 14:55:08,0,DF:DC:EF:28:D6:3E,1,1,8017.683712163906,18718.0545050002,15050.370176163218
1153,-5110,-6641,24837,-10238,-3583,-5122,-19959,21996,27876,1,1,54749,2020-11-02 14:54:38,2020-11-02 14:55:08,0,DF:DC:EF:28:D6:3E,1,1,6503.171328075448,-7891.030153081305,24135.698784183955
1154,15376,5389,18947,-6908,-515,-30978,-24566,19948,5860,1,1,54775,2020-11-02 14:54:38,2020-11-02 14:55:08,0,DF:DC:EF:28:D6:3E,1,1,6172.162964515634,-23445.997112548168,6053.191698421946
1155,-31731,-12024,-16386,15622,-20995,13051,29196,13548,-3102,1,1,54800,2020-11-02 14:54:38,2020-11-02 14:55:08,0,DF:DC:EF:28:D6:3E,1,1,19462.555535882657,-19123.68728264002,25988.98708546518
865,32024,-25337,-6379,3069,-14334,-9981,-8697,-27155,-4380,1,-1,47374,2020-11-02 14:54:38,2020-11-02 14:55:08,0,DF:DC:EF:28:D6:3E,1,1,-7405.375683143819,-19057.382935870628,-35918.913578045336
866,-31975,5895,-7652,24315,27904,-25087,-20986,-22803,-23323,1,-1,47400,2020-11-02 14:54:38,2020-11-02 14:55:08,0,DF:DC:EF:28:D6:3E,1,1,-14835.121189841138,27756.88804218703,-11188.34659349722
867,11280,-26876,-16354,31743,-22784,-769,13318,-15635,-16411,1,-1,47425,2020-11-02 14:54:38,2020-11-02 14:55:08,0,DF:DC:EF:28:D6:3E,1,1,18973.00331250536,-21153.37336016184,17594.630794343386
868,21763,-1282,4876,1282,26628,-15614,5894,11758,13798,1,-1,47451,2020-11-02 14:54:38,2020-11-02 14:55:08,0,DF:DC:EF:28:D6:3E,1,1,7540.879419031273,-4953.112682013909,-20436.459608917186
869,14598,19708,-29433,23036,516,-10233,-12540,-18194,-17177,1,-1,47477,2020-11-02 14:54:38,2020-11-02 14:55:08,0,DF:DC:EF:28:D6:3E,1,1,-26112.35789444031,26963.735372272597,7675.291327807472
870,-27374,16127,531,20477,10754,2057,-17406,-12306,-12823,1,-1,47502,2020-11-02 14:54:38,2020-11-02 14:55:08,0,DF:DC:EF:28:D6:3E,1,1,-20250.03082049484,-6061.8666977067,-23725.26058672999
871,-21230,21757,12046,-3071,25087,-19203,15362,495,27626,1,-1,47528,2020-11-02 14:54:38,2020-11-02 14:55:08,0,DF:DC:EF:28:D6:3E,1,1,-1264.8745226502754,29144.694024758446,14770.679322399483
872,9472,-13826,-10499,-11000,-18946,-8970,19716,-8210,-11544,1,-1,47554,2020-11-02 14:54:38,2020-11-02 14:55:08,0,DF:DC:EF:28:D6:3E,1,1,14620.095708406352,-4506.197453231833,12532.08071269592
873,-24583,-22532,16114,-25081,17148,-26370,31494,-17170,-22553,1,-1,47579,2020-11-02 14:54:38,2020-11-02 14:55:08,0,DF:DC:EF:28:D6:3E,1,1,14715.722776009286,-7054.544864016148,-33246.906757489865
874,-3589,-7174,-10001,6659,-32263,16900,8967,-19219,-16409,1,-1,47605,2020-11-02 14:54:38,2020-11-02 14:55:08,0,DF:DC:EF:28:D6:3E,1,1,1977.2319500097335,-6587.89256967905,10819.307894048874
875,9985,-7942,-14349,-9472,28412,-5628,-9722,-22292,30440,1,-1,47630,2020-11-02 14:54:38,2020-11-02 14:55:08,0,DF:DC:EF:28:D6:3E,1,1,-18454.325589322565,4692.034307469599,2468.212126378668
876,-22777,1789,-31234,14335,5376,-7933,7174,15596,25321,1,-1,47656,2020-11-02 14:54:38,2020-11-02 14:55:08,0,DF:DC:EF:28:D6:3E,1,1,23562.08291397312,-14407.334700671348,27107.415250773858
877,-6898,-7934,-14328,31998,24064,-1792,28165,13036,-535,1,-1,47682,2020-11-02 14:54:38,2020-11-02 14:55:08,0,DF:DC:EF:28:D6:3E,1,1,16846.370301102994,-5657.457664840096,-123.79195715828337
878,27407,-22009,-11508,6400,-23554,-26628,-20731,10476,-30999,1,-1,47707,2020-11-02 14:54:38,2020-11-02 14:55:08,0,DF:DC:EF:28:D6:3E,1,1,-11675.2105827938,31618.923582057992,-15228.49051480142
879,-1013,-15863,-19700,-18686,-12035,-25863,4103,7404,6376,1,-1,47733,2020-11-02 14:54:38,2020-11-02 14:55:08,0,DF:DC:EF:28:D6:3E,1,1,4095.9529504858237,-22980.420964662866,-9791.545317991951
880,-8439,-32503,9992,-30972,-5,14841,5641,6124,19686,1,-1,47758,2020-11-02 14:54:38,2020-11-02 14:55:08,0,DF:DC:EF:28:D6:3E,1,1,776.969246035027,32720.8076879102,12499.874281028291
208,28428,18701,-32480,-2817,5382,-22535,-6139,10998,-19988,1,1,30552,2020-11-02 14:54:38,2020-11-02 14:55:08,0,DF:DC:EF:28:D6:3E,1,1,10091.328852685063,18839.408013284625,-41905.49812012683
209,-29690,-17394,17954,10755,31749,-14855,-32250,-30473,-3861,1,1,30603,2020-11-02 14:54:38,2020-11-02 14:55:08,0,DF:DC:EF:28:D6:3E,1,1,-19532.657862327218,-22150.546481249345,25183.76499682442
210,20223,17930,-25065,5634,2559,-19457,10759,-5897,32235,1,1,30605,2020-11-02 14:54:38,2020-11-02 14:55:08,0,DF:DC:EF:28:D6:3E,1,1,32245.50450893165,-500.26563715864717,17851.779386289392
211,2047,14080,13574,-7937,3072,-12024,-250,-29961,16876,1,1,30629,2020-11-02 14:54:38,2020-11-02 14:55:08,0,DF:DC:EF:28:D6:3E,1,1,-18461.29567286252,6504.455671610874,1887.5125152423886
212,21514,22262,-8711,26620,27908,21258,-3067,30455,6126,1,1,30654,2020-11-02 14:54:38,2020-11-02 14:55:08,0,DF:DC:EF:28:D6:3E,1,1,-10922.272249206171,24192.428335315195,18159.315547532595
213,-9208,23287,31235,-16388,-27899,13571,-12796,-265,17135,1,1,30680,2020-11-02 14:54:38,2020-11-02 14:55:08,0,DF:DC:EF:28:D6:3E,1,1,-13182.069323793514,-16159.373176207913,-34173.155618039644
214,-9464,10490,-3578,23294,30212,-1790,22788,-19464,-6673,1,1,30705,2020-11-02 14:54:38,2020-11-02 14:55:08,0,DF:DC:EF:28:D6:3E,1,1,-3634.520001998916,-12625.803556683844,-6307.838687149454
215,-12022,-15618,-25335,1273,14331,21764,19971,28408,32496,1,1,30731,2020-11-02 14:54:38,2020-11-02 14:55:08,0,DF:DC:EF:28:D6:3E,1,1,15572.822712566722,14467.28080901998,-24051.977294100543
216,28938,-31487,-9720,-16900,31735,21761,25090,10231,-10256,1,1,30757,2020-11-02 14:54:38,2020-11-02 14:55:08,0,DF:DC:EF:28:D6:3E,1,1,33298.95355455937,-27382.720088739894,-8042.620574975423
217,-32763,-13052,8965,3842,-18185,19709,-26878,-11019,29424,1,1,30782,2020-11-02 14:54:38,2020-11-02 14:55:08,0,DF:DC:EF:28:D6:3E,1,1,409.9987867530854,4771.395163814601,-36072.230138786654
218,-31487,-2042,22532,-13822,-23558,-19204,25091,-7948,-19217,1,1,30808,2020-11-02 14:54:38,2020-11-02 14:55:08,0,DF:DC:EF:28:D6:3E,1,1,8455.334392722898,-17367.603592425115,-33617.93602771621
219,-21242,7947,-15610,21762,5374,-14083,4356,30964,10479,1,1,30833,2020-11-02 14:54:38,2020-11-02 14:55:08,0,DF:DC:EF:28:D6:3E,1,1,-1855.1081942684714,11819.272676585992,-24797.436157475353
220,3849,-19445,-30966,18946,22527,21498,-10236,27892,27118,1,1,30859,2020-11-02 14:54:38,2020-11-02 14:55:08,0,DF:DC:EF:28:D6:3E,1,1,-26208.949927474103,25592.18756935567,3153.8644730033593
221,18691,12809,-16632,9476,-23808,-16395,7942,-18956,-5140,1,1,30885,2020-11-02 14:54:38,2020-11-02 14:55:08,0,DF:DC:EF:28:D6:3E,1,1,-18756.850058612115,20916.077655189936,863.514563170108
222,27901,-11260,-5881,24577,14601,15350,13575,8182,32235,1,1,30910,2020-11-02 14:54:38,2020-11-02 14:55:08,0,DF:DC:EF:28:D6:3E,1,1,12037.723270322822,-5322.787407992304,-27687.555231122285
223,30468,2565,14355,-19450,509,12028,13064,-11530,-30230,1,1,30936,2020-11-02 14:54:38,2020-11-02 14:55:08,0,DF:DC:EF:28:D6:3E,1,1,10883.026150712902,-12988.630240217137,29219.847711543884
224,-1529,-8959,11281,-6396,6650,20477,26633,8438,-7959,1,1,30961,2020-11-02 14:54:38,2020-11-02 14:55:08,0,DF:DC:EF:28:D6:3E,1,1,11395.480505059102,8892.273628584338,965.9072280511418
225,-20219,-15100,19213,-11773,30465,-22530,17418,5878,27881,1,1,30987,2020-11-02 14:54:38,2020-11-02 14:55:08,0,DF:DC:EF:28:D6:3E,1,1,28035.922334492538,13738.538418421294,5585.423079755407
226,28938,22021,-16630,-24581,-28156,3,-2551,31222,-4375,1,1,31013,2020-11-02 14:54:38,2020-11-02 14:55:08,0,DF:DC:EF:28:D6:3E,1,1,24155.52701058283,22021.0,23032.048515948452
227,6154,-1782,-12007,16632,-1795,20995,-23544,18166,27882,1,1,31038,2020-11-02 14:54:38,2020-11-02 14:55:08,0,DF:DC:EF:28:D6:3E,1,1,11141.250630308336,-2784.383045409744,-7303.083899907552
228,-17655,9484,-14309,8701,8447,1,-13561,-5643,-22806,1,1,31064,2020-11-02 14:54:38,2020-11-02 14:55:08,0,DF:DC:EF:28:D6:3E,1,1,15085.222285550351,19279.641244075814,-2669.1317118617044
229,-27387,13068,-14310,24319,-25599,9725,-20729,11766,30186,1,1,31089,2020-11-02 14:54:38,2020-11-02 14:55:08,0,DF:DC:EF:28:D6:3E,1,1,-7930.974107816118,-25916.199070371527,19774.90248891317
230,28415,-16887,31508,-13312,17919,6655,-4601,22774,7914,1,1,31115,2020-11-02 14:54:38,2020-11-02 14:55:08,0,DF:DC:EF:28:D6:3E,1,1,1413.2777479183442,-29053.67534278688,-35202.60861190796
231,-27655,-28420,-15349,5374,-9987,4356,-17145,5878,21738,1,1,31141,2020-11-02 14:54:38,2020-11-02 14:55:08,0,DF:DC:EF:28:D6:3E,1,1,-11755.824987245898,3827.1959026345094,40684.64546228839
232,-19459,-23565,8698,-4357,-18940,-12793,-18938,-3083,30955,1,1,31166,2020-11-02 14:54:38,2020-11-02 14:55:08,0,DF:DC:EF:28:D6:3E,1,1,18028.170950594533,25625.496215936906,-5285.461745499903
636,23808,-26362,-26367,32510,5890,23800,-15092,-23567,-531,1,-1,41511,2020-11-02 14:54:38,2020-11-02 14:55:08,0,DF:DC:EF:28:D6:3E,1,1,10883.337081396325,-13004.98234805698,-40858.512027476354
637,6399,-21756,20225,-4871,11007,7425,21516,-4879,-24339,1,-1,41536,2020-11-02 14:54:38,2020-11-02 14:55:08,0,DF:DC:EF:28:D6:3E,1,1,-18322.85764455443,-7369.979684178557,-23092.805139094482
638,-29182,-1022,18944,8185,-3332,1541,3339,19697,3566,1,-1,41562,2020-11-02 14:54:38,2020-11-02 14:55:08,0,DF:DC:EF:28:D6:3E,1,1,31563.338468480317,-1022.0,-14636.253780395791
639,10241,-27644,-24574,30458,-26883,-2557,-14071,-26128,-28690,1,-1,41588,2020-11-02 14:54:38,2020-11-02 14:55:08,0,DF:DC:EF:28:D6:3E,1,1,16088.579196993976,16169.294162500959,-30865.220535556928
640,5380,-9723,22790,-31233,-6145,22276,-2808,18160,16623,1,-1,41613,2020-11-02 14:54:38,2020-11-02 14:55:08,0,DF:DC:EF:28:D6:3E,1,1,9719.183124806994,2127.5466157847704,-23321.15464088624
641,-17659,22022,9987,7938,-24323,-6399,-7416,-6673,-19217,1,-1,41664,2020-11-02 14:54:38,2020-11-02 14:55:08,0,DF:DC:EF:28:D6:3E,1,1,1368.7697041264985,-20312.423965312257,-21956.33931579838
642,-5373,-15867,13569,772,22269,-20992,30985,-32529,-24081,1,-1,41666,2020-11-02 14:54:38,2020-11-02 14:55:08,0,DF:DC:EF:28:D6:3E,1,1,-17394.12698638093,7118.776918053736,10560.110821986666
643,19205,-14587,-21760,-15612,-3075,8706,10762,-1554,-22033,1,-1,41690,2020-11-02 14:54:38,2020-11-02 14:55:08,0,DF:DC:EF:28:D6:3E,1,1,-17541.062666873102,-13034.860206478088,-24031.515431083506
644,5899,-31738,-5628,-23039,-6146,12803,21514,-26130,7408,1,-1,41716,2020-11-02 14:54:38,2020-11-02 14:55:08,0,DF:DC:EF:28:D6:3E,1,1,-28744.124137283277,14856.9767888141,-5178.686829408427
645,16400,16902,-1016,25857,21756,-26624,29194,5358,13808,1,-1,41741,2020-11-02 14:54:38,2020-11-02 14:55:08,0,DF:DC:EF:28:D6:3E,1,1,-10298.498143552259,13322.717318869642,-16495.938870787006
646,29454,14856,-13048,-25597,7932,27642,-25333,-16915,11247,1,-1,41767,2020-11-02 14:54:38,2020-11-02 14:55:08,0,DF:DC:EF:28:D6:3E,1,1,-16474.577868117933,-25353.676612097748,18554.47445541066
647,17161,-20982,20997,25862,5121,-14853,23821,494,-6931,1,-1,41793,2020-11-02 14:54:38,2020-11-02 14:55:08,0,DF:DC:EF:28:D6:3E,1,1,34184.156120695654,1555.3458167866993,2154.6748492776896
648,4882,-29947,-19195,-25597,15875,-25341,-5363,22766,24302,1,-1,41818,2020-11-02 14:54:38,2020-11-02 14:55:08,0,DF:DC:EF:28:D6:3E,1,1,-17734.222100020183,25282.42598088162,18313.95809289728
245,2568,-19715,-7407,-5121,24833,-11518,-11261,18165,-32016,1,1,31525,2020-11-02 14:54:38,2020-11-02 14:55:08,0,DF:DC:EF:28:D6:3E,1,1,15974.010134445607,-5524.068921871602,-12824.00720410907
246,8973,8445,-29675,-24581,10501,27141,1795,-17931,25841,1,1,31527,2020-11-02 14:54:38,2020-11-02 14:55:08,0,DF:DC:EF:28:D6:3E,1,1,9460.358753666967,-1966.4796652009888,30644.29716893941
247,24594,-25346,-5856,-14090,24580,-11773,29185,27382,20722,1,1,31550,2020-11-02 14:54:38,2020-11-02 14:55:08,0,DF:DC:EF:28:D6:3E,1,1,34687.261704198776,7990.056168172636,3811.845470880356
248,-16113,24321,31015,2553,-21757,20991,4608,-5642,-32270,1,1,31576,2020-11-02 14:54:38,2020-11-02 14:55:08,0,DF:DC:EF:28:D6:3E,1,1,-27892.64607845116,-8552.198824996023,31015.0
249,28170,22533,22301,-28676,-21502,-11524,-27905,30967,7410,1,1,31602,2020-11-02 14:54:38,2020-11-02 14:55:08,0,DF:DC:EF:28:D6:3E,1,1,29630.06128652397,-12350.802936829963,27715.279630060133
250,18181,16898,20493,-24068,-5891,-16898,16383,27639,-19471,1,1,31627,2020-11-02 14:54:38,2020-11-02 14:55:08,0,DF:DC:EF:28:D6:3E,1,1,13265.575899458565,27816.69526216315,9290.326945143212
251,24581,21757,-18430,-3587,-2052,15360,-8962,-8970,-19727,1,1,31653,2020-11-02 14:54:38,2020-11-02 14:55:08,0,DF:DC:EF:28:D6:3E,1,1,-37224.57976352214,-1515.3448335906544,5412.19931862164
252,-9984,-16905,3071,12798,-6402,22019,27902,-25354,1266,1,1,31678,2020-11-02 14:54:38,2020-11-02 14:55:08,0,DF:DC:EF:28:D6:3E,1,1,14689.157358779405,13373.985873790007,505.45023165709466
253,-11264,-3080,17664,6397,18429,8198,-22787,26358,-3598,1,1,31704,2020-11-02 14:54:38,2020-11-02 14:55:08,0,DF:DC:EF:28:D6:3E,1,1,20268.075202463653,5541.920711898866,2621.685414061745
254,27139,-16646,30209,15867,31482,-24056,25340,-8715,22772,1,1,31755,2020-11-02 14:54:38,2020-11-02 14:55:08,0,DF:DC:EF:28:D6:3E,1,1,-25233.101486195555,-30487.00158050464,18974.4997830684
255,16650,26108,-4092,6651,6139,32517,-3846,16117,-13579,1,1,31757,2020-11-02 14:54:38,2020-11-02 14:55:08,0,DF:DC:EF:28:D6:3E,1,1,28171.771981275353,-1181.0259868473395,-13436.929301496692
256,-31734,-9473,3850,-22275,26877,-19971,18170,-18956,5110,1,1,31781,2020-11-02 14:54:38,2020-11-02 14:55:08,0,DF:DC:EF:28:D6:3E,1,1,32142.950158432006,8834.88688926553,618.476973249341
257,8968,11780,29197,17663,31485,22776,-27654,7924,10997,1,1,31806,2020-11-02 14:54:38,2020-11-02 14:55:08,0,DF:DC:EF:28:D6:3E,1,1,23067.247396098417,-19222.32204689362,-13040.807708600645
258,2307,-11000,-21233,6401,-1794,-3339,30203,32755,-24845,1,1,31832,2020-11-02 14:54:38,2020-11-02 14:55:08,0,DF:DC:EF:28:D6:3E,1,1,20179.173931453533,12559.556488281165,3495.857299979552
259,-9724,-9719,-23281,17416,24835,-28421,6909,-24589,9714,1,1,31858,2020-11-02 14:54:38,2020-11-02 14:55:08,0,DF:DC:EF:28:D6:3E,1,1,-17119.344114049658,-122.78952655559532,20926.850643059544
260,26119,11525,-9454,7430,14339,-3082,-4354,-781,-18960,1,1,31883,2020-11-02 14:54:38,2020-11-02 14:55:08,0,DF:DC:EF:28:D6:3E,1,1,-24231.205925817067,-15095.577013835806,-9454.0
973,4878,23547,-30721,-15622,-19456,32514,15108,19953,5356,1,-1,50140,2020-11-02 14:54:38,2020-11-02 14:55:08,0,DF:DC:EF:28:D6:3E,1,1,-3.4896820082797144,18135.516689336204,-34541.843555793705
974,5645,31997,6655,23803,-15619,8957,-29949,6129,-1045,1,-1,50165,2020-11-02 14:54:38,2020-11-02 14:55:08,0,DF:DC:EF:28:D6:3E,1,1,30457.113548868234,2694.697900383663,12847.797340284256
975,-23290,-26624,-19199,6651,3324,27643,26115,-23824,1515,1,-1,50191,2020-11-02 14:54:38,2020-11-02 14:55:08,0,DF:DC:EF:28:D6:3E,1,1,39969.600868434936,2872.7566544558917,-3747.1792887830265
976,-17146,21250,21251,-3589,-9222,17915,24835,-1809,1002,1,-1,50217,2020-11-02 14:54:38,2020-11-02 14:55:08,0,DF:DC:EF:28:D6:3E,1,1,-17146.0,2192.882884437029,-29972.633612266094
977,30725,-10749,-505,-25091,-12549,-3335,-13565,28143,-20504,1,-1,50242,2020-11-02 14:54:38,2020-11-02 14:55:08,0,DF:DC:EF:28:D6:3E,1,1,27929.112885971317,-73.34450531129181,16726.653131640276
978,-8441,-24571,-4855,26623,-18949,8700,28676,-2322,-32281,1,-1,50268,2020-11-02 14:54:38,2020-11-02 14:55:08,0,DF:DC:EF:28:D6:3E,1,1,8753.524987169349,-11391.97777864674,22184.54844232401
979,-29171,-13561,32524,-3074,4346,-2565,517,20206,-30234,1,-1,50293,2020-11-02 14:54:38,2020-11-02 14:55:08,0,DF:DC:EF:28:D6:3E,1,1,22497.821567830895,28247.35773415846,-28081.9042043185
980,2060,-1015,-21230,-6913,763,-10,16646,-17683,-21020,1,-1,50319,2020-11-02 14:54:38,2020-11-02 14:55:08,0,DF:DC:EF:28:D6:3E,1,1,5908.166032841133,-19083.996128564693,-7541.975264697575
981,10502,19980,-12779,-12029,15615,-17418,16648,-7187,26594,1,-1,50345,2020-11-02 14:54:38,2020-11-02 14:55:08,0,DF:DC:EF:28:D6:3E,1,1,11710.173990065372,8501.560629683714,21526.50777488556
982,17932,-25591,2066,-10235,-10755,27132,3594,10990,4321,1,-1,50370,2020-11-02 14:54:38,2020-11-02 14:55:08,0,DF:DC:EF:28:D6:3E,1,1,11427.180003440595,-25591.0,-13972.993135651623
983,30740,-21501,14350,22531,11518,25597,14347,5358,27360,1,-1,50396,2020-11-02 14:54:38,2020-11-02 14:55:08,0,DF:DC:EF:28:D6:3E,1,1,-23196.534590587617,-20583.61756904886,-25522.51107863048
984,25365,-29946,7185,18177,18689,25596,-5877,21742,-9505,1,-1,50422,2020-11-02 14:54:38,2020-11-02 14:55:08,0,DF:DC:EF:28:D6:3E,1,1,-19877.68591921324,12201.636100492144,-32369.245356793213
985,24851,-12277,-15596,13056,-18942,-1539,14092,-9746,-29217,1,-1,50447,2020-11-02 14:54:38,2020-11-02 14:55:08,0,DF:DC:EF:28:D6:3E,1,1,-13573.854727368202,22118.346765158127,18386.444741072788
986,-6379,28943,12056,20734,-30977,-12290,780,13807,-27169,1,-1,50473,2020-11-02 14:54:38,2020-11-02 14:55:08,0,DF:DC:EF:28:D6:3E,1,1,-30804.85892784993,-8612.959288665905,783.3420243086748
987,-9203,527,-23277,-3074,18432,-15111,18700,-32273,-9250,1,-1,50498,2020-11-02 14:54:38,2020-11-02 14:55:08,0,DF:DC:EF:28:D6:3E,1,1,12892.470829885822,-14964.799624422236,15382.803226377022
988,-4606,24075,24587,-17919,29956,-19977,11021,-29712,-16163,1,-1,50524,2020-11-02 14:54:38,2020-11-02 14:55:08,0,DF:DC:EF:28:D6:3E,1,1,-19826.40007063566,-24862.919933736266,13931.636752647493
989,19199,27395,10245,31228,-28159,6402,11533,25841,-22307,1,-1,50550,2020-11-02 14:54:38,2020-11-02 14:55:08,0,DF:DC:EF:28:D6:3E,1,1,24969.42225601268,24484.811630688382,1034.2159400461142
390,-29170,12032,-12267,31485,8707,12794,-8704,30964,-6924,1,1,35212,2020-11-02 14:54:38,2020-11-02 14:55:08,0,DF:DC:EF:28:D6:3E,1,1,993.3092904683116,-8619.708120288513,-32723.862571134567
391,9219,18947,18,-27133,-26358,-11530,-18175,-3083,29427,1,1,35238,2020-11-02 14:54:38,2020-11-02 14:55:08,0,DF:DC:EF:28:D6:3E,1,1,-15369.397013409573,-14160.363967056546,-2691.6206576491118
392,-4865,-17668,11269,30722,-12284,-7172,-18686,9975,-31246,1,1,35263,2020-11-02 14:54:38,2020-11-02 14:55:08,0,DF:DC:EF:28:D6:3E,1,1,-21111.09174406685,-4098.077208862445,-586.8377661626455
393,11015,20210,24067,-16898,13564,32263,26114,1527,6387,1,1,35289,2020-11-02 14:54:38,2020-11-02 14:55:08,0,DF:DC:EF:28:D6:3E,1,1,1740.8537594403406,11972.382745787845,-31026.219453497775
394,26885,27887,19459,12033,-21000,-22519,-23295,-8459,-21516,1,1,35314,2020-11-02 14:54:38,2020-11-02 14:55:08,0,DF:DC:EF:28:D6:3E,1,1,-12045.529927783782,31570.859615656846,27153.76045573344
395,5102,12538,-18170,17925,7943,18439,-20479,-18186,15605,1,1,35340,2020-11-02 14:54:38,2020-11-02 14:55:08,0,DF:DC:EF:28:D6:3E,1,1,16672.66256049537,-441.50929343022614,-15336.497014888066
396,12803,23549,6658,25088,-3843,-20212,18689,-28938,30967,1,1,35366,2020-11-02 14:54:38,2020-11-02 14:55:08,0,DF:DC:EF:28:D6:3E,1,1,-23115.48803588079,-7357.017694857982,-13204.153797218454
397,-14330,28163,-9210,28160,7424,27914,30464,21494,21241,1,1,35391,2020-11-02 14:54:38,2020-11-02 14:55:08,0,DF:DC:EF:28:D6:3E,1,1,-9787.704276225712,2246.6385901234644,31344.553419159136
398,-25327,3850,14087,-31231,-1789,-26367,20480,-23306,19962,1,1,35417,2020-11-02 14:54:38,2020-11-02 14:55:08,0,DF:DC:EF:28:D6:3E,1,1,-5529.046108886632,6646.199561607426,27928.134175291674
399,32274,-19443,3597,30975,-9213,1270,-11776,18423,24569,1,1,35442,2020-11-02 14:54:38,2020-11-02 14:55:08,0,DF:DC:EF:28:D6:3E,1,1,27990.56494039843,15025.685696615104,-20575.14951741236
400,18697,-27378,-10219,13568,27905,12786,-27391,-21257,12023,1,1,35468,2020-11-02 14:54:38,2020-11-02 14:55:08,0,DF:DC:EF:28:D6:3E,1,1,-16426.282695704846,-25694.880328205327,16538.16845119176
401,23817,-3572,-1771,20233,-5379,21494,14595,-13833,18933,1,1,35494,2020-11-02 14:54:38,2020-11-02 14:55:08,0,DF:DC:EF:28:D6:3E,1,1,7114.7455666287815,-4142.329572035453,22701.68749760195
402,5894,-2551,-6895,4107,-18182,-22024,-31483,30455,-13837,1,1,35519,2020-11-02 14:54:38,2020-11-02 14:55:08,0,DF:DC:EF:28:D6:3E,1,1,2901.672157711441,-7808.968678340002,4403.1998444162155
403,-27643,15365,8724,24583,16632,-5634,20487,-29962,-11534,1,1,35545,2020-11-02 14:54:38,2020-11-02 14:55:08,0,DF:DC:EF:28:D6:3E,1,1,-9106.648854874078,19612.58039964339,24672.707324117157
404,-5622,-31994,30999,31239,2301,7678,31496,-8715,28658,1,1,35570,2020-11-02 14:54:38,2020-11-02 14:55:08,0,DF:DC:EF:28:D6:3E,1,1,9518.372456643272,40621.58375391115,16596.63942190095
405,-23799,-21240,8464,-13561,-24834,25596,-3575,-8971,-9487,1,1,35596,2020-11-02 14:54:38,2020-11-02 14:55:08,0,DF:DC:EF:28:D6:3E,1,1,-28668.551146153288,5337.297166140418,-15453.049250575194
406,-18679,-12022,6928,-12285,-19462,-13573,10507,-23051,-2832,1,1,35622,2020-11-02 14:54:38,2020-11-02 14:55:08,0,DF:DC:EF:28:D6:3E,1,1,7386.344879740409,-12325.225303895884,18301.95179552545
407,22537,-19702,-19441,15363,27385,-28678,16140,10485,-21009,1,1,35649,2020-11-02 14:54:38,2020-11-02 14:55:08,0,DF:DC:EF:28:D6:3E,1,1,-218.792447128636,-26169.342019698346,-24272.52195634253
408,21509,22280,-24568,32002,16891,-20487,26637,-2316,15342,1,1,35673,2020-11-02 14:54:38,2020-11-02 14:55:08,0,DF:DC:EF:28:D6:3E,1,1,21198.039218839836,33355.96919899457,-802.8431180834214
261,-16120,-16380,27922,1033,30721,-31240,-7424,21236,15343,1,-1,31909,2020-11-02 14:54:38,2020-11-02 14:55:08,0,DF:DC:EF:28:D6:3E,1,1,-21653.594977134857,12121.099293702924,-26305.848408260747
262,27400,1027,9233,3337,16895,-15111,-7934,-30732,3566,1,-1,31934,2020-11-02 14:54:38,2020-11-02 14:55:08,0,DF:DC:EF:28:D6:3E,1,1,11727.350807208364,8324.192070857891,-25104.582996180918
263,-20473,-17152,-24304,16647,-14595,13822,30980,18164,23277,1,-1,31986,2020-11-02 14:54:38,2020-11-02 14:55:08,0,DF:DC:EF:28:D6:3E,1,1,-35449.281926664655,2054.581907691163,-6568.5883619263595
264,-7667,13823,-23281,11526,17921,-27645,22021,18420,-21779,1,-1,31988,2020-11-02 14:54:38,2020-11-02 14:55:08,0,DF:DC:EF:28:D6:3E,1,1,-12474.369739687429,8726.195647264916,-23666.57533576046
265,5397,6145,13841,13313,16125,-28412,27653,-1549,29422,1,-1,32011,2020-11-02 14:54:38,2020-11-02 14:55:08,0,DF:DC:EF:28:D6:3E,1,1,7723.910253350841,-3343.3492319702973,-13697.632690040471
266,-29419,1284,-25320,-20225,4859,-12801,18437,8435,-25106,1,-1,32037,2020-11-02 14:54:38,2020-11-02 14:55:08,0,DF:DC:EF:28:D6:3E,1,1,-5239.2533455946,2544.3096420924976,38396.683838918056
267,9997,30728,-2025,-9213,-31232,23801,4614,-1294,-15379,1,-1,32063,2020-11-02 14:54:38,2020-11-02 14:55:08,0,DF:DC:EF:28:D6:3E,1,1,23780.671406537767,-21877.60636939693,-2025.0
268,-509,-13813,7185,15366,-20480,14584,-22777,-28173,30700,1,-1,32088,2020-11-02 14:54:38,2020-11-02 14:55:08,0,DF:DC:EF:28:D6:3E,1,1,13071.193380844385,7595.051762807411,3760.5009401469288
269,-14086,-5621,13573,-29439,-22016,20478,-19448,-3853,-21781,1,-1,32114,2020-11-02 14:54:38,2020-11-02 14:55:08,0,DF:DC:EF:28:D6:3E,1,1,15000.635914449247,-5417.495435626574,-12643.932591053332
270,-18435,-6908,8195,24316,8703,-19449,10248,-20237,19180,1,-1,32139,2020-11-02 14:54:38,2020-11-02 14:55:08,0,DF:DC:EF:28:D6:3E,1,1,-16761.5188353656,13124.997176442625,-1230.3046167747286
271,-7930,-10246,773,-28168,-5631,-30197,14342,17139,9454,1,-1,32165,2020-11-02 14:54:38,2020-11-02 14:55:08,0,DF:DC:EF:28:D6:3E,1,1,-5948.691985934002,-2673.870001490489,11221.694518726386
272,22284,-30474,-10484,23545,12295,-24057,1284,-22797,5104,1,-1,32190,2020-11-02 14:54:38,2020-11-02 14:55:08,0,DF:DC:EF:28:D6:3E,1,1,-20581.49062974468,-30474.0,13523.799593965148
273,-25331,-14346,-4597,1275,21511,-13567,-24574,-18956,3569,1,-1,32216,2020-11-02 14:54:38,2020-11-02 14:55:08,0,DF:DC:EF:28:D6:3E,1,1,26185.61500037242,12856.192455839924,4198.996140826414
274,23048,5374,-22777,-31492,4608,-9989,3074,13045,-11024,1,-1,32242,2020-11-02 14:54:38,2020-11-02 14:55:08,0,DF:DC:EF:28:D6:3E,1,1,-11850.402207915984,28402.191605693148,-11478.910597444048
275,-20225,1795,-27901,32253,-11271,-23048,11522,-22540,-22801,1,-1,32267,2020-11-02 14:54:38,2020-11-02 14:55:08,0,DF:DC:EF:28:D6:3E,1,1,-14497.214412634108,-26938.760688184564,-15964.723544704288
276,-1801,-16636,-12539,8959,32759,21756,-32254,-26893,31214,1,-1,32293,2020-11-02 14:54:38,2020-11-02 14:55:08,0,DF:DC:EF:28:D6:3E,1,1,3150.594690817962,15101.645032414996,14115.264376168272
186,32266,-24569,-28904,-17408,-27906,6142,16904,-30219,4331,1,1,29989,2020-11-02 14:54:38,2020-11-02 14:55:08,0,DF:DC:EF:28:D6:3E,1,1,-735.9943106469017,36506.64445209625,-33865.83759813015
187,-10743,-9973,-27873,7169,-16384,16382,30728,-22539,-13334,1,1,30014,2020-11-02 14:54:38,2020-11-02 14:55:08,0,DF:DC:EF:28:D6:3E,1,1,-31204.782814424125,2841.858838367816,-3156.307153527915
188,-15609,1547,-13797,-15358,-11265,-23043,-1528,-7947,32746,1,1,30040,2020-11-02 14:54:38,2020-11-02 14:55:08,0,DF:DC:EF:28:D6:3E,1,1,2384.422689327605,-2606.9065097493217,-20589.071515929183
189,-4609,9481,-21742,-20224,11260,-32768,24329,-19979,9962,1,1,30065,2020-11-02 14:54:38,2020-11-02 14:55:08,0,DF:DC:EF:28:D6:3E,1,1,20989.49393173983,-9234.728112098952,-7616.281716498286
190,14076,27907,22277,-6150,13310,16136,-19960,245,-17430,1,1,30091,2020-11-02 14:54:38,2020-11-02 14:55:08,0,DF:DC:EF:28:D6:3E,1,1,-17390.315274121684,22252.56133463645,-25992.298911694837
191,-9727,-1541,-10758,13562,9729,-7413,-4090,25076,-30484,1,1,30116,2020-11-02 14:54:38,2020-11-02 14:55:08,0,DF:DC:EF:28:D6:3E,1,1,5590.711166508592,13466.964741730057,-329.51979860948086
192,22788,1529,-17919,-22534,-31736,5641,1541,-14092,-32530,1,1,30142,2020-11-02 14:54:38,2020-11-02 14:55:08,0,DF:DC:EF:28:D6:3E,1,1,465.6992827708091,6964.517825017791,28178.00492659188
193,16145,-15370,-8954,18940,11013,-18423,-31997,-24587,27888,1,1,30168,2020-11-02 14:54:38,2020-11-02 14:55:08,0,DF:DC:EF:28:D6:3E,1,1,18643.79209963158,15120.392676947286,-924.5444503288793
194,-10991,-5383,17925,-4103,6397,-22268,5890,25333,-25103,1,1,30193,2020-11-02 14:54:38,2020-11-02 14:55:08,0,DF:DC:EF:28:D6:3E,1,1,11470.555356137987,14244.566154833752,-11687.732452547798
195,32011,-22018,4102,22268,-22792,-20737,14081,27380,-11023,1,1,30219,2020-11-02 14:54:38,2020-11-02 14:55:08,0,DF:DC:EF:28:D6:3E,1,1,2150.9625585552094,6705.1544671878755,38428.33736505971
1094,-6904,17914,23548,-2822,5376,21245,3087,21995,-16928,1,-1,53238,2020-11-02 14:54:38,2020-11-02 14:55:08,0,DF:DC:EF:28:D6:3E,1,1,12061.933645323767,-16691.499643246974,-22338.050774301966
1095,-25593,-5118,-28415,24825,14338,4090,-18930,-3349,2528,1,-1,53264,2020-11-02 14:54:38,2020-11-02 14:55:08,0,DF:DC:EF:28:D6:3E,1,1,-25593.0,1056.856568579953,28852.888992152057
1096,32262,24843,-3319,7929,30465,-13320,27662,-12564,-546,1,-1,53289,2020-11-02 14:54:38,2020-11-02 14:55:08,0,DF:DC:EF:28:D6:3E,1,1,1697.5248060356053,-18750.295955041725,36257.02504524109
1097,14086,16657,23566,18686,18944,-25096,-20722,-18451,-13347,1,-1,53315,2020-11-02 14:54:38,2020-11-02 14:55:08,0,DF:DC:EF:28:D6:3E,1,1,-7675.566640415662,14863.258271278708,27411.614897882304
1098,-32248,-23279,-10999,-15615,4605,4603,-12785,10990,30684,1,-1,53341,2020-11-02 14:54:38,2020-11-02 14:55:08,0,DF:DC:EF:28:D6:3E,1,1,901.6773006665172,-4154.661782895223,41045.6953835017
1099,-20983,4620,16135,-27902,-7943,24061,7697,1006,9947,1,-1,53366,2020-11-02 14:54:38,2020-11-02 14:55:08,0,DF:DC:EF:28:D6:3E,1,1,-2012.8757361544306,-23643.64185756418,12605.373654994917
1100,2832,4104,31743,14849,-15880,-30719,22290,17901,-3623,1,-1,53392,2020-11-02 14:54:38,2020-11-02 14:55:08,0,DF:DC:EF:28:D6:3E,1,1,-7156.671258243266,-8542.501621892592,30137.830239441537
1101,20244,19971,-19707,-7680,18685,5632,6931,-26644,5849,1,-1,53418,2020-11-02 14:54:38,2020-11-02 14:55:08,0,DF:DC:EF:28:D6:3E,1,1,-27665.54299762649,7576.303658498331,-19345.376179353683
1102,-29157,-17402,262,7168,27647,-5374,6419,19180,16345,1,-1,53443,2020-11-02 14:54:38,2020-11-02 14:55:08,0,DF:DC:EF:28:D6:3E,1,1,-2410.5361936849195,28390.701178828986,18471.22894756528
1103,-24804,-32759,7437,12283,-18946,31750,12306,-29717,-7463,1,-1,53469,2020-11-02 14:54:38,2020-11-02 14:55:08,0,DF:DC:EF:28:D6:3E,1,1,-15057.295466645437,36165.65446377285,14457.6193212135
619,-483,-22016,31249,-24306,-17396,-17142,-20989,4853,12790,1,1,41075,2020-11-02 14:54:38,2020-11-02 14:55:08,0,DF:DC:EF:28:D6:3E,1,1,-23627.62565547145,-11344.540705075711,-27829.377428821284
620,-24811,-262,-2550,-241,1538,22012,-12027,-21259,-25610,1,1,41101,2020-11-02 14:54:38,2020-11-02 14:55:08,0,DF:DC:EF:28:D6:3E,1,1,-14263.10441109521,19894.680467015387,-4787.735025411563
621,29451,-515,8194,-24055,28925,-11782,12040,-10763,-19723,1,1,41127,2020-11-02 14:54:38,2020-11-02 14:55:08,0,DF:DC:EF:28:D6:3E,1,1,-20005.14021999134,4457.95494476874,22686.76408148365
622,5128,-22017,-16640,-12031,-18184,32254,11529,5877,-5644,1,1,41152,2020-11-02 14:54:38,2020-11-02 14:55:08,0,DF:DC:EF:28:D6:3E,1,1,-8248.65998194,24293.01408263778,-11390.493768186887
623,7685,-6653,18436,-26367,-16905,-2053,-9463,9972,-5645,1,1,41178,2020-11-02 14:54:38,2020-11-02 14:55:08,0,DF:DC:EF:28:D6:3E,1,1,17244.93935284986,11918.727834977646,1940.0318327953887
624,2561,3592,12290,-15613,-17674,-3335,11275,19699,19954,1,1,41203,2020-11-02 14:54:38,2020-11-02 14:55:08,0,DF:DC:EF:28:D6:3E,1,1,2345.555803481289,8151.483667229757,-9927.586161582369
625,-3584,3593,-22782,18437,-22024,26875,-13044,-21006,-18448,1,1,41229,2020-11-02 14:54:38,2020-11-02 14:55:08,0,DF:DC:EF:28:D6:3E,1,1,-5778.936295889754,21611.584025609183,-6657.14354600244
626,23298,16392,-19196,-32763,-14855,-32004,28686,12786,24303,1,1,41255,2020-11-02 14:54:38,2020-11-02 14:55:08,0,DF:DC:EF:28:D6:3E,1,1,8504.333013580992,30894.23599246246,-12377.535555842827
627,32258,15368,-20475,-19452,-21510,2558,-8433,-13327,17646,1,1,41280,2020-11-02 14:54:38,2020-11-02 14:55:08,0,DF:DC:EF:28:D6:3E,1,1,-7050.390680168953,10020.988846923243,39317.31662749668
628,32515,-30455,12554,-21245,-8197,13311,-6384,26865,-29459,1,1,41306,2020-11-02 14:54:38,2020-11-02 14:55:08,0,DF:DC:EF:28:D6:3E,1,1,-7337.2832745349715,-45571.738802115135,3422.87345676439
629,-4091,-21748,-22265,17412,7420,16895,-6895,9201,-2068,1,1,41331,2020-11-02 14:54:38,2020-11-02 14:55:08,0,DF:DC:EF:28:D6:3E,1,1,3066.050363170165,-30485.84602476812,6830.412676012628
630,11523,-1526,-7420,773,5120,-13825,-4590,-2320,27628,1,1,41357,2020-11-02 14:54:38,2020-11-02 14:55:08,0,DF:DC:EF:28:D6:3E,1,1,-8686.816051051299,-7723.174987995384,-7420.0
631,23313,26381,24070,31998,19460,-25853,-13806,6129,16365,1,1,41383,2020-11-02 14:54:38,2020-11-02 14:55:08,0,DF:DC:EF:28:D6:3E,1,1,-3253.1534982476805,-19104.639433724908,-37990.10100571203
632,-16106,526,-6893,12021,21762,-1019,-2288,-12816,22510,1,1,41408,2020-11-02 14:54:38,2020-11-02 14:55:08,0,DF:DC:EF:28:D6:3E,1,1,-12914.677434697904,1309.6254649679636,-11776.644212134976
633,-3811,-20726,-6373,-10254,16898,16391,5390,25840,-12305,1,1,41434,2020-11-02 14:54:38,2020-11-02 14:55:08,0,DF:DC:EF:28:D6:3E,1,1,-21889.853918129927,1974.3323425728229,1281.4964861452845
634,-26595,-8953,5915,-1033,17151,1280,-2293,5872,30704,1,1,41459,2020-11-02 14:54:38,2020-11-02 14:55:08,0,DF:DC:EF:28:D6:3E,1,1,-11249.415325408567,6466.626590732541,25574.80898017605
635,-1012,-6907,-20724,12286,9217,-12299,3340,-27664,23791,1,1,41485,2020-11-02 14:54:38,2020-11-02 14:55:08,0,DF:DC:EF:28:D6:3E,1,1,4592.11833352678,15883.772566838388,14311.994524029116
1063,-7906,9985,-23028,7426,-10242,-7170,-21750,20715,-11300,1,-1,52447,2020-11-02 14:54:38,2020-11-02 14:55:08,0,DF:DC:EF:28:D6:3E,1,1,-5192.8439864951815,-16222.694194881591,-20058.724022012862
1064,-24040,-10747,3602,-6145,-4868,19705,-18165,19435,32731,1,-1,52470,2020-11-02 14:54:38,2020-11-02 14:55:08,0,DF:DC:EF:28:D6:3E,1,1,17358.82076473345,-19382.319049169066,5421.352500444588
1065,-23791,-18680,31501,25602,18941,14838,-19955,-24597,19673,1,-1,52496,2020-11-02 14:54:38,2020-11-02 14:55:08,0,DF:DC:EF:28:D6:3E,1,1,2757.9172030894915,-23563.49021676831,36666.372925409014
1066,-1785,-22518,18954,-16895,-17411,-23051,-5361,23020,-8746,1,-1,52521,2020-11-02 14:54:38,2020-11-02 14:55:08,0,DF:DC:EF:28:D6:3E,1,1,-26068.174867813446,-1077.8914239516362,-13740.053643973552
1067,-16380,-10230,-2299,22016,-28416,15102,-4592,-5140,-14379,1,-1,52547,2020-11-02 14:54:38,2020-11-02 14:55:08,0,DF:DC:EF:28:D6:3E,1,1,-2485.627493784532,19151.47398928193,-2299.0
1068,19465,13576,31747,-7174,-10754,7430,9488,-29972,18134,1,-1,52572,2020-11-02 14:54:38,2020-11-02 14:55:08,0,DF:DC:EF:28:D6:3E,1,1,-29860.198312455665,23831.39948814718,-10559.30704057604
1069,-8948,14339,-28922,-32265,-5888,-6907,5902,-9749,29655,1,-1,52598,2020-11-02 14:54:38,2020-11-02 14:55:08,0,DF:DC:EF:28:D6:3E,1,1,30245.060367426537,10863.964847649455,-9453.375067126108
1070,-31987,5629,-10739,-2566,-27896,12290,12,6636,-17448,1,-1,52624,2020-11-02 14:54:38,2020-11-02 14:55:08,0,DF:DC:EF:28:D6:3E,1,1,26850.18173786431,-1858.5010927474343,21113.825928332237
1071,22026,21494,-7667,-32258,-22513,31491,-4855,-6163,-4646,1,-1,52649,2020-11-02 14:54:38,2020-11-02 14:55:08,0,DF:DC:EF:28:D6:3E,1,1,18352.256629573792,21494.0,14391.742132287703
1072,9233,-3339,-4855,17151,1542,17665,-27896,12271,-30244,1,-1,52675,2020-11-02 14:54:38,2020-11-02 14:55:08,0,DF:DC:EF:28:D6:3E,1,1,-6539.383032988453,-1459.4154176498935,-8664.572187164727
1073,-4342,-3335,-24829,6399,-27392,6903,-8696,-19985,-6693,1,-1,52701,2020-11-02 14:54:38,2020-11-02 14:55:08,0,DF:DC:EF:28:D6:3E,1,1,-15965.5945722899,-17138.936079863895,9889.948938372072
1074,-7428,-19454,-21498,-10242,257,-4366,4874,-28688,-21543,1,-1,52726,2020-11-02 14:54:38,2020-11-02 14:55:08,0,DF:DC:EF:28:D6:3E,1,1,19749.257673608605,22465.842396230168,1024.7198491093538
1075,-10762,-22523,-18936,31491,24065,20476,2571,-31247,29656,1,-1,52752,2020-11-02 14:54:38,2020-11-02 14:55:08,0,DF:DC:EF:28:D6:3E,1,1,-27614.599418178033,13950.7834318033,4948.515899993044
1076,9726,-15101,-3071,-17658,18939,3846,-13301,1777,-18984,1,-1,52777,2020-11-02 14:54:38,2020-11-02 14:55:08,0,DF:DC:EF:28:D6:3E,1,1,-9135.906861765672,-4829.370169269973,15009.287377530894
1077,-28413,-9983,-29441,-11516,-20486,19204,28428,-10257,5593,1,-1,52803,2020-11-02 14:54:38,2020-11-02 14:55:08,0,DF:DC:EF:28:D6:3E,1,1,-37902.25862597628,-15755.697997279278,-9429.109749501096
1078,28165,-13565,8960,32516,9215,3328,10509,24047,3289,1,-1,52829,2020-11-02 14:54:38,2020-11-02 14:55:08,0,DF:DC:EF:28:D6:3E,1,1,-13435.072814909432,-14868.780802980069,25612.032834021848
693,-3567,-24832,18709,2809,-32511,-21749,-11257,20464,17640,1,1,42970,2020-11-02 14:54:38,2020-11-02 14:55:08,0,DF:DC:EF:28:D6:3E,1,1,-8155.738647823149,-1187.2371717708902,-30190.276398310252
694,-30440,31743,-5088,16120,-9986,-2805,-2812,-19985,-20502,1,1,42996,2020-11-02 14:54:38,2020-11-02 14:55:08,0,DF:DC:EF:28:D6:3E,1,1,-26065.05237439227,-35779.36249293706,741.3887773607075
695,13080,13571,804,32510,-10241,-26622,18435,27375,6892,1,1,43021,2020-11-02 14:54:38,2020-11-02 14:55:08,0,DF:DC:EF:28:D6:3E,1,1,6323.757089296521,-15227.383749564087,9167.428070025064
696,3594,-1784,-5350,-8442,-26110,-15368,23556,-10769,23019,1,1,43047,2020-11-02 14:54:38,2020-11-02 14:55:08,0,DF:DC:EF:28:D6:3E,1,1,-784.9523187402951,3501.509360303077,5643.161707501759
697,5120,8715,11525,-17403,13826,-25090,4102,-31248,29418,1,1,43073,2020-11-02 14:54:38,2020-11-02 14:55:08,0,DF:DC:EF:28:D6:3E,1,1,11903.923590753526,-9518.22778386783,-1640.4855988115867
698,-12536,-11774,20725,5888,20226,31238,-9723,32496,19179,1,1,43098,2020-11-02 14:54:38,2020-11-02 14:55:08,0,DF:DC:EF:28:D6:3E,1,1,21992.876078405498,-14324.958733520609,-6034.3148809811655
699,30978,29948,23799,24065,-9972,-21764,-28411,-20751,-4373,1,1,43124,2020-11-02 14:54:38,2020-11-02 14:55:08,0,DF:DC:EF:28:D6:3E,1,1,-31671.161235888383,-37586.46174345684,-2665.9010818139373
700,16127,27896,-8958,-2565,18694,17162,-4092,2547,-11796,1,1,43149,2020-11-02 14:54:38,2020-11-02 14:55:08,0,DF:DC:EF:28:D6:3E,1,1,18654.56098573345,-26273.07175473685,-8958.0
701,-11749,-27917,-11510,15092,-12549,271,-14847,-25614,-17681,1,1,43175,2020-11-02 14:54:38,2020-11-02 14:55:08,0,DF:DC:EF:28:D6:3E,1,1,-30048.055618382212,-5446.445021237942,-10831.831801927192
702,25618,-4360,-12278,-20999,-23559,-13316,-8961,-29967,-29456,1,1,43201,2020-11-02 14:54:38,2020-11-02 14:55:08,0,DF:DC:EF:28:D6:3E,1,1,13420.975335836432,643.0192090444398,-25406.785615887533
703,30460,-28672,15368,22784,19961,-1544,23808,-30736,11759,1,1,43226,2020-11-02 14:54:38,2020-11-02 14:55:08,0,DF:DC:EF:28:D6:3E,1,1,-35863.16939290286,5379.055671934235,-25903.077986490094
704,12796,-27646,26371,-26879,-3846,-17155,10497,-17169,21998,1,1,43252,2020-11-02 14:54:38,2020-11-02 14:55:08,0,DF:DC:EF:28:D6:3E,1,1,2395.89920833169,37161.41253508636,15386.931415348608
705,22785,-20224,22022,-15359,17148,-1282,-24575,8431,750,1,1,43277,2020-11-02 14:54:38,2020-11-02 14:55:08,0,DF:DC:EF:28:D6:3E,1,1,-12680.995702885295,-3447.015963325506,-35219.95618867212
706,10758,-19456,-6138,-19455,-24324,14590,9986,-22034,-23059,1,1,43303,2020-11-02 14:54:38,2020-11-02 14:55:08,0,DF:DC:EF:28:D6:3E,1,1,9192.212487381068,-2462.376344321228,21009.17600301741
707,-28918,30467,518,2561,-32516,-20996,-13310,9710,1005,1,1,43329,2020-11-02 14:54:38,2020-11-02 14:55:08,0,DF:DC:EF:28:D6:3E,1,1,-39117.598857477795,-12207.729601986084,9248.888289424
708,19978,15111,-29177,-6399,-22274,17912,772,-4371,-22293,1,1,43354,2020-11-02 14:54:38,2020-11-02 14:55:08,0,DF:DC:EF:28:D6:3E,1,1,-17645.605655291045,-17779.072137149356,-29177.0
675,-28394,31244,27156,-3842,-8190,14335,7690,-18963,-17685,1,-1,42509,2020-11-02 14:54:38,2020-11-02 14:55:08,0,DF:DC:EF:28:D6:3E,1,1,-22948.093016845443,2758.956009042984,-44560.38932314634
676,-4596,-9717,-4596,-21502,-13048,-16906,-22262,-5906,13803,1,-1,42535,2020-11-02 14:54:38,2020-11-02 14:55:08,0,DF:DC:EF:28:D6:3E,1,1,-5050.590177899557,-10521.961228971686,-668.1255502681737
677,-21508,-20991,-20992,11779,268,-26635,-6645,14065,18666,1,-1,42560,2020-11-02 14:54:38,2020-11-02 14:55:08,0,DF:DC:EF:28:D6:3E,1,1,-10458.048906588858,30789.61170536621,16926.583621634105
678,-11522,19700,-17403,-5391,-23029,-32002,-17910,29427,-19222,1,-1,42586,2020-11-02 14:54:38,2020-11-02 14:55:08,0,DF:DC:EF:28:D6:3E,1,1,13853.45127262354,24155.4990776821,-6950.154325275417
679,-6900,6137,-11756,-18964,-26358,6146,13575,-16908,-14101,1,-1,42612,2020-11-02 14:54:38,2020-11-02 14:55:08,0,DF:DC:EF:28:D6:3E,1,1,10165.776773063206,2662.2988576587386,-10632.283498513272
680,24840,8967,22551,-15371,-11001,-21514,4613,6390,30443,1,-1,42637,2020-11-02 14:54:38,2020-11-02 14:55:08,0,DF:DC:EF:28:D6:3E,1,1,17788.512245878406,-28522.78737648024,-8717.781962995727
681,5888,-243,4628,30206,-16894,-16899,-14844,10743,-31510,1,-1,42663,2020-11-02 14:54:38,2020-11-02 14:55:08,0,DF:DC:EF:28:D6:3E,1,1,-3636.8927471597603,2897.2752631455437,-5875.779454270017
682,24582,27142,-16886,25345,12280,28680,-22268,32246,12267,1,-1,42688,2020-11-02 14:54:38,2020-11-02 14:55:08,0,DF:DC:EF:28:D6:3E,1,1,28840.68522337407,7277.642580329019,27227.755660708324
683,-20983,31230,-32252,-3840,-2319,-26105,25860,26612,14316,1,-1,42714,2020-11-02 14:54:38,2020-11-02 14:55:08,0,DF:DC:EF:28:D6:3E,1,1,34244.378202821266,32881.0846880509,-14210.824192824453
684,12297,30462,-27392,27647,-14,-24832,21764,11506,25324,1,-1,42740,2020-11-02 14:54:38,2020-11-02 14:55:08,0,DF:DC:EF:28:D6:3E,1,1,-35225.316501828136,-561.4913757488866,-24255.579188734984
685,6918,-30718,-5118,4092,-4361,-30726,-30460,-20496,25579,1,-1,42765,2020-11-02 14:54:38,2020-11-02 14:55:08,0,DF:DC:EF:28:D6:3E,1,1,-1254.578975348205,4369.80027810146,31574.975045502706
686,1284,25094,-7928,-18947,23550,-15111,-3068,18416,-4887,1,-1,42791,2020-11-02 14:54:38,2020-11-02 14:55:08,0,DF:DC:EF:28:D6:3E,1,1,-2389.949789533599,25094.0,7667.462422699462
687,25607,-13305,-27640,-8193,22015,-29446,-24571,23792,-13848,1,-1,42817,2020-11-02 14:54:38,2020-11-02 14:55:08,0,DF:DC:EF:28:D6:3E,1,1,36412.74501600242,8399.117075621982,14151.957700247205
688,-24825,-1018,529,-27647,1792,14841,-31226,-24848,-28185,1,-1,42842,2020-11-02 14:54:38,2020-11-02 14:55:08,0,DF:DC:EF:28:D6:3E,1,1,-9595.368409323151,12327.570474912241,19327.614991908216
689,16390,-3833,-32751,-22524,-28674,8953,-4601,-8720,13542,1,-1,42868,2020-11-02 14:54:38,2020-11-02 14:55:08,0,DF:DC:EF:28:D6:3E,1,1,-11668.47149576576,34706.76654886083,-3903.7313784860216
690,17669,-1272,-20728,-23803,15357,-15620,31497,-6928,6373,1,-1,42893,2020-11-02 14:54:38,2020-11-02 14:55:08,0,DF:DC:EF:28:D6:3E,1,1,24305.898382154883,398.49465902208436,12350.143110227164
691,-2558,18951,29703,-23549,-23553,27137,24074,-25360,-16924,1,-1,42919,2020-11-02 14:54:38,2020-11-02 14:55:08,0,DF:DC:EF:28:D6:3E,1,1,19112.48782975077,17510.241829890678,24001.17109676891
692,-8949,30725,-10743,20736,-15869,1289,-8951,-25872,3814,1,-1,42944,2020-11-02 14:54:38,2020-11-02 14:55:08,0,DF:DC:EF:28:D6:3E,1,1,-18109.898908154166,7560.865558007365,27466.109090116403
59,-29179,3078,-29428,-2817,18686,6654,-22264,25591,-25618,1,1,26736,2020-11-02 14:54:38,2020-11-02 14:55:08,0,DF:DC:EF:28:D6:3E,1,1,7179.169967339996,2703.097987653989,-40841.744439350085
60,-8187,518,-31220,-13569,6142,24318,-13816,15607,15086,1,1,26762,2020-11-02 14:54:38,2020-11-02 14:55:08,0,DF:DC:EF:28:D6:3E,1,1,19853.583544493184,25354.0730577141,2233.806801387591
61,-5883,22790,-5365,-26113,6142,-20482,-7928,3063,-7955,1,1,26813,2020-11-02 14:54:38,2020-11-02 14:55:08,0,DF:DC:EF:28:D6:3E,1,1,3384.031824218669,9164.190253710278,-22075.845614754533
62,4358,29190,-20981,-25857,-25346,-258,-4344,-7434,-26131,1,1,26815,2020-11-02 14:54:38,2020-11-02 14:55:08,0,DF:DC:EF:28:D6:3E,1,1,-35170.17313391212,-3936.587353891359,-7668.952127626627
63,15366,25094,-23029,-29441,-1282,11775,-2296,-14602,25581,1,1,26839,2020-11-02 14:54:38,2020-11-02 14:55:08,0,DF:DC:EF:28:D6:3E,1,1,9483.499009204375,-27410.753679369824,23555.709759447567
64,-7675,16902,12,14591,-7426,23295,-3064,-21514,13037,1,1,26865,2020-11-02 14:54:38,2020-11-02 14:55:08,0,DF:DC:EF:28:D6:3E,1,1,-18530.20412395265,-126.23686382213437,-1094.9759718186863
65,-16635,19206,5388,5375,2815,9472,-8696,-30218,6381,1,1,26890,2020-11-02 14:54:38,2020-11-02 14:55:08,0,DF:DC:EF:28:D6:3E,1,1,-21961.636560191117,-6605.909604464552,12193.14081341307
66,-762,-13051,23308,5119,-1794,24832,-17656,24566,6381,1,1,26916,2020-11-02 14:54:38,2020-11-02 14:55:08,0,DF:DC:EF:28:D6:3E,1,1,-4688.596674984792,22698.95765079042,13302.12358185506
67,7,-26619,-32756,13567,-5634,-14081,-24056,14582,2029,1,1,26941,2020-11-02 14:54:38,2020-11-02 14:55:08,0,DF:DC:EF:28:D6:3E,1,1,1147.7345069999574,42189.16208007498,-532.9676187205714
68,20231,16133,26124,25343,-7938,5631,-26104,6390,-8980,1,1,26967,2020-11-02 14:54:38,2020-11-02 14:55:08,0,DF:DC:EF:28:D6:3E,1,1,-21816.471064992784,-22132.079394906108,-19653.067901167626
69,-3322,24325,22284,-28929,1023,9726,-22520,1782,-28436,1,1,26993,2020-11-02 14:54:38,2020-11-02 14:55:08,0,DF:DC:EF:28:D6:3E,1,1,18016.46384224194,11171.14004435392,-25493.7369903006
70,-12283,-3323,28940,-19969,11263,-2307,-15096,1270,12012,1,1,27018,2020-11-02 14:54:38,2020-11-02 14:55:08,0,DF:DC:EF:28:D6:3E,1,1,-20074.11894654204,-22695.303524740684,-9021.69410033256
71,-3835,15366,-4341,-26113,-2306,-22018,-9208,-523,-8469,1,1,27044,2020-11-02 14:54:38,2020-11-02 14:55:08,0,DF:DC:EF:28:D6:3E,1,1,1840.3260785718246,5739.1550166214465,-15275.495462331732
72,6406,14854,-21749,15871,22782,7935,-7416,-9227,-25621,1,1,27069,2020-11-02 14:54:38,2020-11-02 14:55:08,0,DF:DC:EF:28:D6:3E,1,1,-7824.022040236026,24779.162350298568,-7712.000086323055
73,8966,12550,-16373,-11522,-28419,-8705,-10744,-26891,25579,1,1,27095,2020-11-02 14:54:38,2020-11-02 14:55:08,0,DF:DC:EF:28:D6:3E,1,1,8135.824971244061,20123.845342300443,5899.659793280823
74,-28410,3078,-13813,-14338,29437,-17664,-19448,13557,18411,1,1,27121,2020-11-02 14:54:38,2020-11-02 14:55:08,0,DF:DC:EF:28:D6:3E,1,1,-22918.287002591707,8313.917984888598,20323.18974982476
75,5127,-16891,-6133,11007,-19459,14337,-29688,-12812,19179,1,1,27146,2020-11-02 14:54:38,2020-11-02 14:55:08,0,DF:DC:EF:28:D6:3E,1,1,-14188.297752419008,921.7323307610633,12126.347982765936
76,-15865,17157,-10485,-20481,-13571,13569,29448,27636,22763,1,1,27172,2020-11-02 14:54:38,2020-11-02 14:55:08,0,DF:DC:EF:28:D6:3E,1,1,-24089.078052042765,8673.782702592673,691.3112401773652
77,3592,-3580,29451,-1,18685,9473,27912,-13,24555,1,1,27197,2020-11-02 14:54:38,2020-11-02 14:55:08,0,DF:DC:EF:28:D6:3E,1,1,16291.124123162495,-18816.78436328127,-16541.105344851854
78,24840,-6140,32523,-12033,-3844,18945,26632,-31757,25323,1,1,27223,2020-11-02 14:54:38,2020-11-02 14:55:08,0,DF:DC:EF:28:D6:3E,1,1,27471.311574668598,-11988.952370647716,-28531.785615727233
79,3849,-2300,11787,-5121,-22788,11777,25352,-1806,25067,1,1,27249,2020-11-02 14:54:38,2020-11-02 14:55:08,0,DF:DC:EF:28:D6:3E,1,1,5372.8921361639095,-9726.39059203521,-5963.851619911158
80,-30967,19717,-4342,21760,17149,29440,29704,32242,20203,1,1,27274,2020-11-02 14:54:38,2020-11-02 14:55:08,0,DF:DC:EF:28:D6:3E,1,1,-10623.7420998821,70.61110140761048,-35407.61584557129
81,22793,-23291,-23798,-10496,-22019,-12289,-22264,8690,8939,1,1,27300,2020-11-02 14:54:38,2020-11-02 14:55:08,0,DF:DC:EF:28:D6:3E,1,1,2283.0930279758427,40015.92736205654,-4674.331779005819
82,4873,11526,-27894,4609,-12547,-30465,-2808,-11023,-6678,1,1,27326,2020-11-02 14:54:38,2020-11-02 14:55:08,0,DF:DC:EF:28:D6:3E,1,1,23803.324015586488,-15738.97873234759,-10970.70441091701
83,-29431,-28410,18442,27905,20990,14847,20745,-26383,-23318,1,1,27351,2020-11-02 14:54:38,2020-11-02 14:55:08,0,DF:DC:EF:28:D6:3E,1,1,-20875.526733667568,-14877.374469016191,36827.91519351314
84,-25079,26887,-15351,-22527,4863,-6659,-13815,-31759,17642,1,1,27377,2020-11-02 14:54:38,2020-11-02 14:55:08,0,DF:DC:EF:28:D6:3E,1,1,27736.465537667984,21448.0358448472,18925.92002719832
233,27396,-18193,17917,1016,16391,-11765,-10748,-27402,28397,1,-1,31192,2020-11-02 14:54:38,2020-11-02 14:55:08,0,DF:DC:EF:28:D6:3E,1,1,3314.046405736167,-4190.107739593612,-37067.57407156861
234,28174,-11533,-254,-18186,4867,-19444,30210,-9994,-14609,1,-1,31217,2020-11-02 14:54:38,2020-11-02 14:55:08,0,DF:DC:EF:28:D6:3E,1,1,-5683.548702665977,-3972.139914785896,29644.025698980033
235,-10743,23293,-20215,-20234,11009,31493,22528,-1290,12273,1,-1,31243,2020-11-02 14:54:38,2020-11-02 14:55:08,0,DF:DC:EF:28:D6:3E,1,1,22844.97883746269,-1359.4389353094045,23299.806666516488
236,6404,27140,29452,14587,-7682,-27132,3583,-2314,-5391,1,-1,31269,2020-11-02 14:54:38,2020-11-02 14:55:08,0,DF:DC:EF:28:D6:3E,1,1,6404.0,27140.0,29452.0
237,18438,262,3081,17406,10491,18438,19454,-30730,-7438,1,-1,31294,2020-11-02 14:54:38,2020-11-02 14:55:08,0,DF:DC:EF:28:D6:3E,1,1,680.5838156710629,-2344.7249785900203,-18535.37481262849
238,-17401,1286,-20984,-17410,20473,6661,-22275,-24331,-4109,1,-1,31320,2020-11-02 14:54:38,2020-11-02 14:55:08,0,DF:DC:EF:28:D6:3E,1,1,26958.524846140164,-4234.3925997564265,-291.05056462991706
239,265,-24058,17675,-30208,-14340,-27902,22269,-5644,-23564,1,-1,31345,2020-11-02 14:54:38,2020-11-02 14:55:08,0,DF:DC:EF:28:D6:3E,1,1,-16310.472287122086,-13737.053231464375,-20893.18253131716
240,7435,26633,22540,-9726,-31489,-31490,-20995,-19724,-21260,1,-1,31371,2020-11-02 14:54:38,2020-11-02 14:55:08,0,DF:DC:EF:28:D6:3E,1,1,372.39404425619887,23473.084402775952,26861.182872240734
241,-17912,-3830,16653,28676,-7169,-31239,-19458,-24844,-8717,1,-1,31397,2020-11-02 14:54:38,2020-11-02 14:55:08,0,DF:DC:EF:28:D6:3E,1,1,4973.6982955216135,3621.157881580895,23978.75296719556
242,-13307,-20471,6927,24071,-12033,10999,26112,-26892,26098,1,-1,31422,2020-11-02 14:54:38,2020-11-02 14:55:08,0,DF:DC:EF:28:D6:3E,1,1,2984.5848093741633,-25035.612211564858,2903.7551046528442
243,-28413,-10747,11277,6408,23555,-9736,25346,-2828,-272,1,-1,31448,2020-11-02 14:54:38,2020-11-02 14:55:08,0,DF:DC:EF:28:D6:3E,1,1,-28413.0,15559.169733008745,762.2173045953532
244,28933,10500,19724,-26620,-18945,19454,-18173,17653,17392,1,-1,31474,2020-11-02 14:54:38,2020-11-02 14:55:08,0,DF:DC:EF:28:D6:3E,1,1,32365.966560916982,3074.755337886556,16715.10553929413
1124,8468,-31215,-32243,26623,16381,-7437,10002,2792,-20264,1,1,54006,2020-11-02 14:54:38,2020-11-02 14:55:08,0,DF:DC:EF:28:D6:3E,1,1,-6934.516696517946,-11358.279558889597,-43687.48403888492
1125,-18182,-10738,-20732,2311,3330,-26639,13845,-1303,-12843,1,1,54032,2020-11-02 14:54:38,2020-11-02 14:55:08,0,DF:DC:EF:28:D6:3E,1,1,28771.32415328061,6828.24374859929,-1136.479553958814
1126,-23557,23558,18422,-18430,-18178,-11003,22294,32490,-31531,1,1,54058,2020-11-02 14:54:38,2020-11-02 14:55:08,0,DF:DC:EF:28:D6:3E,1,1,27018.227458916543,-47.66886585481734,-26819.67206468931
1127,3592,1530,7412,29946,-2309,18703,3093,29160,-25642,1,1,54085,2020-11-02 14:54:38,2020-11-02 14:55:08,0,DF:DC:EF:28:D6:3E,1,1,2821.8877491771837,-5607.966746792476,5546.960113243426
1128,-8693,32505,-12546,16123,16644,-22523,5138,13287,-6440,1,1,54109,2020-11-02 14:54:38,2020-11-02 14:55:08,0,DF:DC:EF:28:D6:3E,1,1,23142.79947693916,24117.99022769401,13125.500742716102
1129,-2308,6143,24068,10751,21769,9723,26384,11240,26330,1,1,54135,2020-11-02 14:54:38,2020-11-02 14:55:08,0,DF:DC:EF:28:D6:3E,1,1,22771.20281058553,4641.540615204814,-9069.74973616062
1130,758,-27647,-14583,27393,4873,-22784,25615,-24855,-21541,1,1,54160,2020-11-02 14:54:38,2020-11-02 14:55:08,0,DF:DC:EF:28:D6:3E,1,1,-21334.80575996973,-10147.149995822374,-20480.636517126222
1131,-25855,-1027,9993,8193,13313,12812,24077,-30999,23518,1,1,54186,2020-11-02 14:54:38,2020-11-02 14:55:08,0,DF:DC:EF:28:D6:3E,1,1,14632.373144067906,4344.564962962893,23160.617747706026
1132,20492,-13317,24586,-32259,-15363,14088,-2550,31720,-9760,1,1,54211,2020-11-02 14:54:38,2020-11-02 14:55:08,0,DF:DC:EF:28:D6:3E,1,1,-20803.424681215438,7752.101385444475,26624.394728195908
1133,24071,-13051,-9209,28161,-24324,-2556,-11767,-24345,9698,1,1,54237,2020-11-02 14:54:38,2020-11-02 14:55:08,0,DF:DC:EF:28:D6:3E,1,1,394.63780418285376,-4831.575489833036,-28478.895032805507
1134,18444,17409,-24835,-25603,-9727,-15105,14857,23783,-12318,1,1,54262,2020-11-02 14:54:38,2020-11-02 14:55:08,0,DF:DC:EF:28:D6:3E,1,1,27203.93609242479,22585.21979546713,-3144.0976240740483
1135,-32497,14599,-21758,19708,-28667,15611,8969,7656,18914,1,1,54288,2020-11-02 14:54:38,2020-11-02 14:55:08,0,DF:DC:EF:28:D6:3E,1,1,13245.161360767019,-28349.46368298792,27630.96059521264
1136,26130,-7669,-6907,2814,30980,21753,-22519,15849,17377,1,1,54314,2020-11-02 14:54:38,2020-11-02 14:55:08,0,DF:DC:EF:28:D6:3E,1,1,2701.549249499898,-7069.5275334470825,-27055.87777371786
840,-28917,-19442,22791,11257,30718,-26366,31244,-12302,-21524,1,-1,46734,2020-11-02 14:54:38,2020-11-02 14:55:08,0,DF:DC:EF:28:D6:3E,1,1,12995.071525334419,-14652.654828688395,-36742.914371654806
841,21017,-13810,-20467,-24582,764,20738,29707,3058,-13844,1,-1,46760,2020-11-02 14:54:38,2020-11-02 14:55:08,0,DF:DC:EF:28:D6:3E,1,1,-30154.363805994013,-9313.076936340414,7437.030283222091
842,-15333,19215,26130,-7168,31743,-22278,-31733,-2831,17900,1,-1,46785,2020-11-02 14:54:38,2020-11-02 14:55:08,0,DF:DC:EF:28:D6:3E,1,1,17946.371101947105,17246.120983087145,25837.82284380631
843,4890,-7156,11289,25090,-8704,-15618,21772,20210,-25877,1,-1,46811,2020-11-02 14:54:38,2020-11-02 14:55:08,0,DF:DC:EF:28:D6:3E,1,1,132.5661270272176,-8554.522268609713,11373.852996140997
844,6951,-19700,-6888,24824,-14602,-11518,-8181,23537,-32533,1,-1,46837,2020-11-02 14:54:38,2020-11-02 14:55:08,0,DF:DC:EF:28:D6:3E,1,1,11716.165837844463,-18349.614463313377,-3142.3004483796144
845,17179,18959,-17884,-17673,13307,-23561,12555,-26640,16618,1,-1,46862,2020-11-02 14:54:38,2020-11-02 14:55:08,0,DF:DC:EF:28:D6:3E,1,1,-10713.173556464004,3290.458368344021,-29134.17193048869
846,29953,-31720,25881,22014,-4,-28684,4364,8689,-3097,1,-1,46888,2020-11-02 14:54:38,2020-11-02 14:55:08,0,DF:DC:EF:28:D6:3E,1,1,37961.785525481566,-31720.0,-11221.016429777601
847,13303,26900,-21240,3325,-10246,-12802,-16884,5617,27366,1,-1,46916,2020-11-02 14:54:38,2020-11-02 14:55:08,0,DF:DC:EF:28:D6:3E,1,1,-31783.820876736034,9873.503072568321,-15621.141973349537
848,21757,15614,-30979,26107,-13059,-17400,-9717,20720,-5658,1,-1,46939,2020-11-02 14:54:38,2020-11-02 14:55:08,0,DF:DC:EF:28:D6:3E,1,1,-25755.474385438807,-17631.649434538693,26507.41336680244
849,-26869,-9994,-4346,28408,-776,25100,-31223,8943,-19224,1,-1,46965,2020-11-02 14:54:38,2020-11-02 14:55:08,0,DF:DC:EF:28:D6:3E,1,1,23570.6573331994,2013.880250120325,16765.420132495
850,19720,10232,20229,-2059,22262,-1272,-11514,25837,20202,1,-1,46990,2020-11-02 14:54:38,2020-11-02 14:55:08,0,DF:DC:EF:28:D6:3E,1,1,-2511.995243992068,-13920.984728624702,26508.12571796729
851,-16128,-9216,-26879,-2567,-30980,12805,-20988,15084,31979,1,-1,47041,2020-11-02 14:54:38,2020-11-02 14:55:08,0,DF:DC:EF:28:D6:3E,1,1,14214.544726097298,-29260.38881621418,3050.253358943748
852,5630,9733,7425,-31747,28928,772,27651,1516,26860,1,-1,47043,2020-11-02 14:54:38,2020-11-02 14:55:08,0,DF:DC:EF:28:D6:3E,1,1,-4242.056617140346,-3775.366453702558,-12219.262571744384
853,-20733,2822,-9727,20988,27392,8453,8706,3052,-30483,1,-1,47067,2020-11-02 14:54:38,2020-11-02 14:55:08,0,DF:DC:EF:28:D6:3E,1,1,-15192.055619241472,-17127.096200726108,-2880.8894100515117
854,11019,-12798,-30971,509,-515,6148,-18432,-15637,-19730,1,-1,47093,2020-11-02 14:54:38,2020-11-02 14:55:08,0,DF:DC:EF:28:D6:3E,1,1,34937.645906369544,-3402.950367340369,-3491.5373861033754
855,-20723,11522,-30971,21758,12031,-22275,19968,-31509,-13586,1,-1,47118,2020-11-02 14:54:38,2020-11-02 14:55:08,0,DF:DC:EF:28:D6:3E,1,1,-16835.878364609547,-19879.41364092115,29030.400737592827
856,13067,-11005,-27132,22529,-7424,31223,-26623,-28181,13549,1,-1,47144,2020-11-02 14:54:38,2020-11-02 14:55:08,0,DF:DC:EF:28:D6:3E,1,1,-24619.983346565918,-12832.071220539718,-16037.340995495892
857,1543,-31996,-19198,-19454,-14847,22004,1540,-1301,-26646,1,-1,47169,2020-11-02 14:54:38,2020-11-02 14:55:08,0,DF:DC:EF:28:D6:3E,1,1,23206.08053287992,22081.72754341226,-19198.0
858,-22779,22276,9474,12802,-12032,7158,25094,-29460,4584,1,-1,47195,2020-11-02 14:54:38,2020-11-02 14:55:08,0,DF:DC:EF:28:D6:3E,1,1,-28565.850181922906,-7390.618457810509,15304.595884733628
859,-9718,25091,5638,-18176,-8192,-25352,-3577,1261,17382,1,-1,47221,2020-11-02 14:54:38,2020-11-02 14:55:08,0,DF:DC:EF:28:D6:3E,1,1,6079.904959733,-26211.30597052757,5638.0
860,-2805,-27390,8205,24065,-18174,-3337,10249,-18195,-11292,1,-1,47272,2020-11-02 14:54:38,2020-11-02 14:55:08,0,DF:DC:EF:28:D6:3E,1,1,-15342.865088571176,-16273.433773514707,18032.58145948424
861,23821,-24569,-15095,-12799,2304,-24580,15114,16622,-13085,1,-1,47274,2020-11-02 14:54:38,2020-11-02 14:55:08,0,DF:DC:EF:28:D6:3E,1,1,31979.760057586987,12324.873807433418,-14977.558522336209
862,-24561,23301,-10996,23038,-8451,-29182,15626,4334,-19741,1,-1,47297,2020-11-02 14:54:38,2020-11-02 14:55:08,0,DF:DC:EF:28:D6:3E,1,1,24357.82353753126,3167.0736876427272,25763.489957137583
863,-30445,-12538,15630,-31237,15101,-14847,-31735,27885,-2077,1,-1,47323,2020-11-02 14:54:38,2020-11-02 14:55:08,0,DF:DC:EF:28:D6:3E,1,1,25643.821020325693,-18544.54289432278,-18080.12005817784
864,6674,-23033,-8429,17661,-30719,513,-9464,23021,5348,1,-1,47349,2020-11-02 14:54:38,2020-11-02 14:55:08,0,DF:DC:EF:28:D6:3E,1,1,-15583.825590030532,-19537.541942006625,-4640.931032006572
1104,-30691,22798,-30187,28666,20989,29961,22544,26602,5595,1,1,53494,2020-11-02 14:54:38,2020-11-02 14:55:08,0,DF:DC:EF:28:D6:3E,1,1,-4990.818981703316,-18309.859254193747,-44864.039430076795
1105,29214,-15599,23827,4858,17916,11526,28942,15593,19932,1,1,53520,2020-11-02 14:54:38,2020-11-02 14:55:08,0,DF:DC:EF:28:D6:3E,1,1,-10113.929724198872,-17167.972964972276,-35601.70860798605
1106,16397,11538,-4083,-21508,-12546,-30981,21774,-4632,-24869,1,1,53546,2020-11-02 14:54:38,2020-11-02 14:55:08,0,DF:DC:EF:28:D6:3E,1,1,-2509.256946747245,19498.931749223008,5670.382016614367
1107,-25865,-11760,-6654,-29441,-7934,-26119,13583,-3863,26330,1,1,53571,2020-11-02 14:54:38,2020-11-02 14:55:08,0,DF:DC:EF:28:D6:3E,1,1,25189.205062840763,12420.990752975735,-7924.29668908533
1108,745,23303,26108,-1796,4097,-1279,7183,26090,11738,1,1,53597,2020-11-02 14:54:38,2020-11-02 14:55:08,0,DF:DC:EF:28:D6:3E,1,1,19348.696196951983,-19741.25261834193,-21473.783982727957
1109,16377,-11787,-19448,21762,19459,-7923,269,-1815,-26660,1,1,53622,2020-11-02 14:54:38,2020-11-02 14:55:08,0,DF:DC:EF:28:D6:3E,1,1,-1784.2905666888234,20098.65182477733,-19448.0
1110,-26613,-28178,21506,-27901,27903,1295,10,-6424,-11040,1,1,53648,2020-11-02 14:54:38,2020-11-02 14:55:08,0,DF:DC:EF:28:D6:3E,1,1,-41257.68676005891,12102.754768694916,-10774.325928692337
1111,3599,32499,-30463,26625,-14596,25865,24839,-10009,8676,1,1,53674,2020-11-02 14:54:38,2020-11-02 14:55:08,0,DF:DC:EF:28:D6:3E,1,1,40454.776717536515,-18981.443412210472,498.0137782403199
1112,-22000,-12553,6140,17408,20221,6404,-9467,2535,-1563,1,1,53699,2020-11-02 14:54:38,2020-11-02 14:55:08,0,DF:DC:EF:28:D6:3E,1,1,-22000.0,-1615.7829988422736,13880.441430323905
1113,32528,2303,5886,2045,-30977,17919,24581,-19482,13030,1,1,53725,2020-11-02 14:54:38,2020-11-02 14:55:08,0,DF:DC:EF:28:D6:3E,1,1,10390.962765772221,-29791.58519275988,10124.669550304621
1114,14872,-31483,-18684,-16133,-1791,-20739,14341,-7706,-17947,1,1,53750,2020-11-02 14:54:38,2020-11-02 14:55:08,0,DF:DC:EF:28:D6:3E,1,1,-21079.399456347528,-33399.837991243585,1247.9061336563334
1115,-25060,24586,-21745,12029,-3071,-1290,20742,25319,-7965,1,1,53776,2020-11-02 14:54:38,2020-11-02 14:55:08,0,DF:DC:EF:28:D6:3E,1,1,-19270.175399390697,-9357.738104202104,-35304.576171509005
1116,2838,-12534,-24046,-28414,18177,-1553,-9207,27112,-6433,1,1,53802,2020-11-02 14:54:38,2020-11-02 14:55:08,0,DF:DC:EF:28:D6:3E,1,1,-22727.371619618465,-14587.642025555386,3746.0372926616133
1117,8208,-13306,10508,13063,15360,11504,11790,-11799,-8229,1,1,53827,2020-11-02 14:54:38,2020-11-02 14:55:08,0,DF:DC:EF:28:D6:3E,1,1,2866.348442674797,-11899.998447197568,14318.276696651426
1118,16906,-255,-3843,31494,6908,-26381,-9967,-278,-14888,1,1,53853,2020-11-02 14:54:38,2020-11-02 14:55:08,0,DF:DC:EF:28:D6:3E,1,1,-10101.120233200016,-13969.522396775266,-1861.8066603252475
1119,-26109,29956,26113,-3583,-9219,27896,18708,-18709,19670,1,1,53878,2020-11-02 14:54:38,2020-11-02 14:55:08,0,DF:DC:EF:28:D6:3E,1,1,-23905.00094081413,37085.89312559903,17723.375725191916
1120,-20467,25606,24579,-27387,30723,-8956,-16876,-5397,-26410,1,1,53904,2020-11-02 14:54:38,2020-11-02 14:55:08,0,DF:DC:EF:28:D6:3E,1,1,4528.253034888119,-23133.031931885707,-33511.94300679062
1121,-16104,-17147,-4091,-4865,-26370,28683,-8429,-11542,14040,1,1,53930,2020-11-02 14:54:38,2020-11-02 14:55:08,0,DF:DC:EF:28:D6:3E,1,1,13389.030225663015,1279.3818405564825,-19727.943575607074
1122,-738,-2812,-15091,-30468,-32260,19468,9234,2025,-12327,1,1,53955,2020-11-02 14:54:38,2020-11-02 14:55:08,0,DF:DC:EF:28:D6:3E,1,1,10472.432861426425,-3981.172385885279,-10519.918507135902
1123,-14557,-6902,7701,-18181,-7685,19459,19728,-6937,5851,1,1,53981,2020-11-02 14:54:38,2020-11-02 14:55:08,0,DF:DC:EF:28:D6:3E,1,1,-5175.761212408856,2574.3183581202275,-16894.781290776427
922,30482,-30970,27153,-13315,-12028,-6909,-9979,11507,13548,1,-1,48834,2020-11-02 14:54:38,2020-11-02 14:55:08,0,DF:DC:EF:28:D6:3E,1,1,-15694.539475387366,19598.142785611184,-44667.35791392081
923,28945,-16118,-2538,16893,9729,-26114,17413,31731,29420,1,-1,48860,2020-11-02 14:54:38,2020-11-02 14:55:08,0,DF:DC:EF:28:D6:3E,1,1,17909.007850665883,-3026.560347028025,27823.58286185633
924,3085,-1267,-5353,-30206,27650,-23814,-21755,-6413,-13845,1,-1,48885,2020-11-02 14:54:38,2020-11-02 14:55:08,0,DF:DC:EF:28:D6:3E,1,1,1678.3474704659038,2468.388212893162,5555.837686508741
925,-20472,8459,5396,-16379,2817,23802,-5370,27380,-9494,1,-1,48911,2020-11-02 14:54:38,2020-11-02 14:55:08,0,DF:DC:EF:28:D6:3E,1,1,12141.564213994949,-3253.315740406305,-19020.321662123955
926,18954,5895,-21231,17157,-28928,-14084,7944,-16396,13290,1,-1,48936,2020-11-02 14:54:38,2020-11-02 14:55:08,0,DF:DC:EF:28:D6:3E,1,1,-18322.264030379625,-10549.077031387904,19944.225143807947
927,-23287,21255,5138,4,-22273,29180,2569,-5900,-21527,1,-1,48964,2020-11-02 14:54:38,2020-11-02 14:55:08,0,DF:DC:EF:28:D6:3E,1,1,19735.82166213584,-18656.586541206496,-16819.261575670982
928,-10749,31494,-26866,-17149,20224,22269,-7415,9717,9705,1,-1,48988,2020-11-02 14:54:38,2020-11-02 14:55:08,0,DF:DC:EF:28:D6:3E,1,1,-17081.87348269638,-36950.757644107674,-13116.63450918617
929,-764,-20479,-16627,10752,-7424,-18943,8714,19957,14057,1,-1,49013,2020-11-02 14:54:38,2020-11-02 14:55:08,0,DF:DC:EF:28:D6:3E,1,1,-1436.0367524072753,-3894.0644897889056,26061.548806529147
930,32521,-768,-3572,-29959,-769,-32510,21769,12789,-21527,1,-1,49039,2020-11-02 14:54:38,2020-11-02 14:55:08,0,DF:DC:EF:28:D6:3E,1,1,10490.742852503743,218.24287604427673,-30997.760136011402
931,22793,1797,-4081,-6412,-16385,1792,-16121,4341,-11287,1,-1,49064,2020-11-02 14:54:38,2020-11-02 14:55:08,0,DF:DC:EF:28:D6:3E,1,1,8563.278560607258,-21588.67171404603,64.28776394313809
932,-27385,14344,28434,-21000,-6656,-13571,25094,16373,-23319,1,-1,49090,2020-11-02 14:54:38,2020-11-02 14:55:08,0,DF:DC:EF:28:D6:3E,1,1,859.6759441545155,-19572.841446393948,37153.00461584992
933,4100,-2552,-6133,-19455,1025,-1797,22534,-29707,8169,1,-1,49116,2020-11-02 14:54:38,2020-11-02 14:55:08,0,DF:DC:EF:28:D6:3E,1,1,733.324412035096,7419.959219853384,-2311.457004234808
934,12540,-4859,-20735,18182,17410,4862,24071,-1803,-22552,1,-1,49141,2020-11-02 14:54:38,2020-11-02 14:55:08,0,DF:DC:EF:28:D6:3E,1,1,-14180.798557182368,10621.34411710847,17230.60380330822
935,17662,-21247,-9219,-9214,1026,-3068,-5881,16118,7657,1,-1,49167,2020-11-02 14:54:38,2020-11-02 14:55:08,0,DF:DC:EF:28:D6:3E,1,1,18553.011547819948,-6710.138313407153,-21427.34281989732
936,-29435,-5634,-16384,24831,28413,-25336,30471,-17419,19434,1,-1,49193,2020-11-02 14:54:38,2020-11-02 14:55:08,0,DF:DC:EF:28:D6:3E,1,1,-26300.64878643204,21233.207231251905,-4901.369307393848
937,7176,10749,-2558,22015,-17412,-27131,-8186,-8716,19435,1,-1,49218,2020-11-02 14:54:38,2020-11-02 14:55:08,0,DF:DC:EF:28:D6:3E,1,1,-13040.499804232224,-1833.298005179316,404.628570450633
938,-25849,3326,-26365,5888,17917,20737,-21754,16372,-24341,1,-1,49244,2020-11-02 14:54:38,2020-11-02 14:55:08,0,DF:DC:EF:28:D6:3E,1,1,-16957.933063360313,30363.870280849347,12837.842100070578
939,6155,-14334,-21498,23550,-17413,11519,-23290,-15117,30699,1,-1,49269,2020-11-02 14:54:38,2020-11-02 14:55:08,0,DF:DC:EF:28:D6:3E,1,1,23032.93231826857,12522.74702434214,4263.381379420478
940,-6646,19207,-13816,-2308,5368,-16646,-18938,-7950,-31766,1,-1,49320,2020-11-02 14:54:38,2020-11-02 14:55:08,0,DF:DC:EF:28:D6:3E,1,1,16466.96984228327,-18239.733975113722,333.2112399294665
941,-15360,-24309,28683,5123,23548,-29446,-26361,21490,4585,1,-1,49322,2020-11-02 14:54:38,2020-11-02 14:55:08,0,DF:DC:EF:28:D6:3E,1,1,9964.301350944517,-5817.943193343764,38941.44072304709
942,-17662,18189,32267,25094,-9473,-12545,-11768,26098,-25624,1,-1,49346,2020-11-02 14:54:38,2020-11-02 14:55:08,0,DF:DC:EF:28:D6:3E,1,1,-38846.499921573886,11670.155677675815,6221.106356748025
943,32259,-18681,-25586,-25856,-19460,-32251,8969,-3087,-6168,1,-1,49372,2020-11-02 14:54:38,2020-11-02 14:55:08,0,DF:DC:EF:28:D6:3E,1,1,27053.08594968263,-20965.85099076841,-29543.694265138536
944,-1267,12035,4882,23807,-9475,-12793,18184,8945,7914,1,-1,49397,2020-11-02 14:54:38,2020-11-02 14:55:08,0,DF:DC:EF:28:D6:3E,1,1,8810.398500992,-9605.38723671753,-627.5765183799651
945,14607,23553,3858,-31742,-32765,-32765,-9465,1009,9195,1,-1,49423,2020-11-02 14:54:38,2020-11-02 14:55:08,0,DF:DC:EF:28:D6:3E,1,1,-5547.892612896161,20921.14819083827,-17734.679809141104
946,7699,7940,21012,-25343,-30462,24833,-15865,24561,-13333,1,-1,49448,2020-11-02 14:54:38,2020-11-02 14:55:08,0,DF:DC:EF:28:D6:3E,1,1,11435.206532290425,-12985.675489167945,16261.3230905079
947,18960,8203,15890,-5888,22016,-26372,776,-26383,-23317,1,-1,49474,2020-11-02 14:54:38,2020-11-02 14:55:08,0,DF:DC:EF:28:D6:3E,1,1,-5967.842458939361,-5639.957031324435,-24735.372446561112
17,14601,26884,-8434,-4353,1281,27648,-23294,-18952,-5898,1,1,25663,2020-11-02 14:54:38,2020-11-02 14:55:08,0,DF:DC:EF:28:D6:3E,1,1,-19197.4596856191,9188.231098923125,-23539.434230495244
18,-4093,30723,30734,21760,-21761,-28929,-20478,-18440,-6410,1,1,25687,2020-11-02 14:54:38,2020-11-02 14:55:08,0,DF:DC:EF:28:D6:3E,1,1,-17104.335764505326,-21627.808651166764,33836.57377754994
19,-2047,28159,-3314,-16640,29183,-2818,-11518,-22280,-16650,1,1,25712,2020-11-02 14:54:38,2020-11-02 14:55:08,0,DF:DC:EF:28:D6:3E,1,1,-15661.515567134302,1179.186273569389,23694.483237087814
20,2823,-23294,17678,-30975,-25601,14591,4355,-25096,-26890,1,1,25738,2020-11-02 14:54:38,2020-11-02 14:55:08,0,DF:DC:EF:28:D6:3E,1,1,10090.14648607795,23954.570138122406,-13691.56537388121
21,-25593,-24826,-26611,-24831,28671,24319,24067,-28424,30454,1,1,25763,2020-11-02 14:54:38,2020-11-02 14:55:08,0,DF:DC:EF:28:D6:3E,1,1,8761.591077760628,-43409.4414809203,-4281.606953079725
22,5379,-15869,-10997,-27392,20733,-27649,-27389,18936,22518,1,1,25789,2020-11-02 14:54:38,2020-11-02 14:55:08,0,DF:DC:EF:28:D6:3E,1,1,3307.219382680442,-19355.64416106801,4014.2433988158336
23,29698,-28673,10508,-18689,6653,12543,-22781,-9481,10742,1,1,25815,2020-11-02 14:54:38,2020-11-02 14:55:08,0,DF:DC:EF:28:D6:3E,1,1,-13574.236210817857,34141.290509109225,21555.56982929308
24,-9720,-25085,15885,2560,-9475,-24321,-20477,-31497,-267,1,1,25840,2020-11-02 14:54:38,2020-11-02 14:55:08,0,DF:DC:EF:28:D6:3E,1,1,-14442.681605723748,27075.65310525316,5864.026514237768
25,22533,30720,14604,-19456,17919,-25601,-13309,22775,-5643,1,1,25866,2020-11-02 14:54:38,2020-11-02 14:55:08,0,DF:DC:EF:28:D6:3E,1,1,-27107.137097840285,495.34880263404017,30490.802759563736
26,20999,3,21773,-3328,17664,26879,-1789,24311,-11787,1,1,25891,2020-11-02 14:54:38,2020-11-02 14:55:08,0,DF:DC:EF:28:D6:3E,1,1,12571.911722634453,27462.9192774759,1660.3130419077606
27,-16635,-19711,11533,-3328,-30720,24831,9988,30199,-16907,1,1,25917,2020-11-02 14:54:38,2020-11-02 14:55:08,0,DF:DC:EF:28:D6:3E,1,1,-20676.858178533417,3732.2635804788506,-18889.00684076976
28,3846,-1023,-27123,-21504,21248,6143,20996,-30217,-24331,1,1,25943,2020-11-02 14:54:38,2020-11-02 14:55:08,0,DF:DC:EF:28:D6:3E,1,1,-21116.231711337008,17043.624679287987,3887.80016264863
29,4103,19203,31501,-30464,29440,2047,29956,-24585,31989,1,1,25968,2020-11-02 14:54:38,2020-11-02 14:55:08,0,DF:DC:EF:28:D6:3E,1,1,31394.135182049937,19564.258120719987,3090.452937194845
528,-30191,-15872,-17134,28931,-29953,28673,28423,27124,29671,1,-1,38745,2020-11-02 14:54:38,2020-11-02 14:55:08,0,DF:DC:EF:28:D6:3E,1,1,-1871.0609219004052,-2813.9692485672695,-38020.67239140643
529,18451,16133,16407,30208,32509,23040,-29177,3060,-28185,1,-1,38771,2020-11-02 14:54:38,2020-11-02 14:55:08,0,DF:DC:EF:28:D6:3E,1,1,-3616.92331674454,21256.300351271515,20124.370800035565
530,19979,-6645,-17127,-11008,9213,-14595,-11769,-17933,12007,1,-1,38797,2020-11-02 14:54:38,2020-11-02 14:55:08,0,DF:DC:EF:28:D6:3E,1,1,20650.902226047638,-14344.866838150088,-10218.396530080578
531,9731,-31471,-23017,-6655,13566,25344,17160,-30477,-11290,1,-1,38822,2020-11-02 14:54:38,2020-11-02 14:55:08,0,DF:DC:EF:28:D6:3E,1,1,20259.39228793208,31423.4549837913,-14731.66630104416
532,-21503,23824,-27889,-17919,-4611,1797,24584,13043,16615,1,-1,38848,2020-11-02 14:54:38,2020-11-02 14:55:08,0,DF:DC:EF:28:D6:3E,1,1,29552.697043380133,23565.429739082218,19469.641102870148
533,-5632,-12282,-22523,20734,-30210,-32503,-15353,-27150,26344,1,-1,38873,2020-11-02 14:54:38,2020-11-02 14:55:08,0,DF:DC:EF:28:D6:3E,1,1,-24198.699945799897,-4504.971685298198,-9164.094502339318
534,16900,19964,-12291,5882,17411,-31988,-3579,7666,-30742,1,-1,38899,2020-11-02 14:54:38,2020-11-02 14:55:08,0,DF:DC:EF:28:D6:3E,1,1,-19487.595684210195,4501.380547093617,-20861.71528467876
535,-20986,27633,-2,11512,-20982,-2808,32515,-4878,-13076,1,-1,38925,2020-11-02 14:54:38,2020-11-02 14:55:08,0,DF:DC:EF:28:D6:3E,1,1,15858.984366866382,15821.373073824749,-26498.521806137436
536,-2294,20984,13582,-9223,-32510,-22525,-19199,-27405,-3091,1,-1,38976,2020-11-02 14:54:38,2020-11-02 14:55:08,0,DF:DC:EF:28:D6:3E,1,1,-10917.657642870025,-18857.310599194632,12460.658271479222
537,10759,8442,24337,32762,-12800,16129,-26368,-12045,19694,1,-1,38978,2020-11-02 14:54:38,2020-11-02 14:55:08,0,DF:DC:EF:28:D6:3E,1,1,-758.3829717500994,24286.431330831845,13744.348747065049
538,-28408,-14083,-18928,4606,12283,7940,-16897,29171,-11282,1,-1,39001,2020-11-02 14:54:38,2020-11-02 14:55:08,0,DF:DC:EF:28:D6:3E,1,1,-24620.863515734552,17336.880431209756,-21374.28814378406
539,20236,-17921,-7415,-17663,20984,9987,25087,25842,-25361,1,-1,39027,2020-11-02 14:54:38,2020-11-02 14:55:08,0,DF:DC:EF:28:D6:3E,1,1,13134.385667806891,-24543.026448151973,3281.452101527857
540,24075,11777,13062,-9982,-19464,-2052,-12801,13297,-28433,1,-1,39053,2020-11-02 14:54:38,2020-11-02 14:55:08,0,DF:DC:EF:28:D6:3E,1,1,10864.606226996304,-23252.18561489111,-15172.850545067802
541,-7675,26883,-22775,3334,22525,14330,8705,30448,-32018,1,-1,39078,2020-11-02 14:54:38,2020-11-02 14:55:08,0,DF:DC:EF:28:D6:3E,1,1,-35729.22114281873,-2017.0785191861976,-4433.518893045595
542,-764,-14844,3080,28169,-21504,20732,3587,32752,-28947,1,-1,39104,2020-11-02 14:54:38,2020-11-02 14:55:08,0,DF:DC:EF:28:D6:3E,1,1,13335.004746437202,-7250.667700153606,141.06138538409903
277,26874,-6399,-30461,-16637,25851,15622,-20478,-25870,-19474,1,1,32319,2020-11-02 14:54:38,2020-11-02 14:55:08,0,DF:DC:EF:28:D6:3E,1,1,-5592.848063118665,-2854.13090875166,-40639.95060649776
278,3331,-4867,27136,-8701,-1282,-5877,18434,5362,-28176,1,1,32344,2020-11-02 14:54:38,2020-11-02 14:55:08,0,DF:DC:EF:28:D6:3E,1,1,-2925.6593296978435,1874.5464650531687,-27551.26746697706
279,-16374,21246,18947,-30976,4098,3081,22785,3314,-24590,1,1,32370,2020-11-02 14:54:38,2020-11-02 14:55:08,0,DF:DC:EF:28:D6:3E,1,1,28644.414669704238,3104.1638165693153,-15759.152141848701
280,18445,23553,-23290,-20225,1029,-1280,-11520,-29966,30451,1,1,32395,2020-11-02 14:54:38,2020-11-02 14:55:08,0,DF:DC:EF:28:D6:3E,1,1,-31411.615077049457,-3023.608193693501,-21013.190279971976
281,-14327,-28924,25868,-15360,-6650,-11271,13825,-32525,-11790,1,1,32447,2020-11-02 14:54:38,2020-11-02 14:55:08,0,DF:DC:EF:28:D6:3E,1,1,6038.955908404874,40793.9705751923,3224.454255635598
282,6662,-3578,27920,-16894,5894,-19209,13570,-26124,-31247,1,1,32449,2020-11-02 14:54:38,2020-11-02 14:55:08,0,DF:DC:EF:28:D6:3E,1,1,18489.003525973792,-21747.89872095405,4679.356562568609
283,4357,-23288,-15851,-18172,-28923,7419,19715,-23563,31984,1,1,32472,2020-11-02 14:54:38,2020-11-02 14:55:08,0,DF:DC:EF:28:D6:3E,1,1,26108.3759475514,902.0696221176222,-11406.470522390877
284,-30969,-18173,25618,3335,19967,-32003,31236,5878,1264,1,1,32498,2020-11-02 14:54:38,2020-11-02 14:55:08,0,DF:DC:EF:28:D6:3E,1,1,4046.1480061645507,19410.729171897066,39401.40978857831
285,-31221,-24832,14602,7686,19198,-32767,-26107,-17419,-9745,1,1,32523,2020-11-02 14:54:38,2020-11-02 14:55:08,0,DF:DC:EF:28:D6:3E,1,1,23219.81766038249,-26574.66814596037,23647.92907953396
286,13840,-3836,24586,18174,-17920,22020,-24315,-31499,29936,1,1,32549,2020-11-02 14:54:38,2020-11-02 14:55:08,0,DF:DC:EF:28:D6:3E,1,1,-19485.463997774405,9115.473767890784,-18653.598118816986
287,15375,-20218,26650,-15883,26373,28162,13572,-10763,10737,1,1,32577,2020-11-02 14:54:38,2020-11-02 14:55:08,0,DF:DC:EF:28:D6:3E,1,1,31200.23971963612,19313.21900017395,-2987.5177469867913
288,25869,23817,14378,-23305,18953,-9218,-27390,6647,25841,1,1,32600,2020-11-02 14:54:38,2020-11-02 14:55:08,0,DF:DC:EF:28:D6:3E,1,1,-33897.665216228714,1216.7161883116314,-17106.999403915892
289,9479,-10230,23078,14082,12034,11772,31490,-2313,-272,1,1,32626,2020-11-02 14:54:38,2020-11-02 14:55:08,0,DF:DC:EF:28:D6:3E,1,1,9479.0,19228.190253387103,16356.151245924244
290,-24325,25864,13331,24834,509,-14850,14083,-9737,28912,1,1,32651,2020-11-02 14:54:38,2020-11-02 14:55:08,0,DF:DC:EF:28:D6:3E,1,1,-29962.596941171774,20611.82653521731,-10759.324952012345
291,12028,-10241,10752,-28163,13054,-12280,-6910,24055,10993,1,1,32677,2020-11-02 14:54:38,2020-11-02 14:55:08,0,DF:DC:EF:28:D6:3E,1,1,-13104.181915688894,-13904.306285287448,-327.1880887930806
292,-23038,-1809,-22784,19964,-26361,29451,-22015,-26889,-2318,1,1,32703,2020-11-02 14:54:38,2020-11-02 14:55:08,0,DF:DC:EF:28:D6:3E,1,1,32322.27168238768,-1424.381837285809,2524.771409757681
293,-32497,21992,-23027,31998,-29937,-27641,-29440,-21255,-17676,1,1,32728,2020-11-02 14:54:38,2020-11-02 14:55:08,0,DF:DC:EF:28:D6:3E,1,1,-25819.69210445608,-32286.227747198373,-18997.07344532641
294,14349,-4105,20743,-14852,-256,-13829,8448,-14086,-6668,1,1,32754,2020-11-02 14:54:38,2020-11-02 14:55:08,0,DF:DC:EF:28:D6:3E,1,1,-23589.340113585517,327.9120798931897,9821.017344116928
295,-13830,3327,-11771,-774,13555,-25604,-30977,31993,5108,1,1,32779,2020-11-02 14:54:38,2020-11-02 14:55:08,0,DF:DC:EF:28:D6:3E,1,1,-3780.5072654357123,12231.241728095956,-13304.088116247276
296,-21508,-20990,11517,-3586,-26381,-15355,-514,-32009,-26380,1,1,32805,2020-11-02 14:54:38,2020-11-02 14:55:08,0,DF:DC:EF:28:D6:3E,1,1,12654.373252234329,17460.79726299754,23891.48068943476
297,-14590,1541,-2306,-29188,-4613,9732,19966,21750,-28427,1,1,32831,2020-11-02 14:54:38,2020-11-02 14:55:08,0,DF:DC:EF:28:D6:3E,1,1,-8763.582769883249,11982.763629532526,-416.42506427668167
298,2822,775,-8184,-11013,-19453,12032,-27139,-29962,-13835,1,1,32856,2020-11-02 14:54:38,2020-11-02 14:55:08,0,DF:DC:EF:28:D6:3E,1,1,2469.3830825831933,-8270.383985488093,-1022.2822134978273
299,10762,8713,-13302,-10245,31493,22268,14077,13815,22517,1,1,32882,2020-11-02 14:54:38,2020-11-02 14:55:08,0,DF:DC:EF:28:D6:3E,1,1,-8876.59934444305,-7289.874659202243,-15386.485255943096
300,6409,-20982,5140,30204,-8954,18681,3325,504,16628,1,1,32907,2020-11-02 14:54:38,2020-11-02 14:55:08,0,DF:DC:EF:28:D6:3E,1,1,16411.793534225817,14559.280132957934,5140.0
301,264,15113,21273,23042,15111,-4616,-32259,1529,-4110,1,1,32933,2020-11-02 14:54:38,2020-11-02 14:55:08,0,DF:DC:EF:28:D6:3E,1,1,264.0,-16112.209486003203,20526.568234343224
132,-4863,20472,-26362,-1537,18695,8461,22783,-21004,-8721,1,-1,28606,2020-11-02 14:54:38,2020-11-02 14:55:08,0,DF:DC:EF:28:D6:3E,1,1,-13532.758044937687,-9549.279065909765,-29383.36818709781
133,32011,5626,-14592,768,-32256,-5366,17150,11253,4082,1,-1,28631,2020-11-02 14:54:38,2020-11-02 14:55:08,0,DF:DC:EF:28:D6:3E,1,1,26710.09711884277,10927.225949826125,-20891.359600165648
134,-25846,-6402,5632,-14848,-29951,32259,-14083,24821,9459,1,-1,28657,2020-11-02 14:54:38,2020-11-02 14:55:08,0,DF:DC:EF:28:D6:3E,1,1,1154.781804555067,16207.68677583876,-21833.4173312418
135,-7417,-24830,-4097,32259,-23296,7680,5630,31221,20467,1,-1,28683,2020-11-02 14:54:38,2020-11-02 14:55:08,0,DF:DC:EF:28:D6:3E,1,1,1697.4810717804176,24839.02811577917,-8274.505319019336
136,7430,22018,13567,-30716,-25857,-12544,-16642,29685,22003,1,-1,28708,2020-11-02 14:54:38,2020-11-02 14:55:08,0,DF:DC:EF:28:D6:3E,1,1,-26900.576980169917,628.7850662961628,-155.88609416826583
137,-15609,-28160,24321,773,29181,12804,17919,11509,-11789,1,-1,28734,2020-11-02 14:54:38,2020-11-02 14:55:08,0,DF:DC:EF:28:D6:3E,1,1,30140.29506770157,7114.03644239391,25866.786053318945
138,22798,-13312,-18944,-31229,-5893,-21244,-31745,-26124,-19212,1,-1,28759,2020-11-02 14:54:38,2020-11-02 14:55:08,0,DF:DC:EF:28:D6:3E,1,1,30373.50290381785,-10205.57378609763,-5397.209375991014
139,-7151,770,29953,-29695,-11014,1278,-15361,-14605,-5644,1,-1,28785,2020-11-02 14:54:38,2020-11-02 14:55:08,0,DF:DC:EF:28:D6:3E,1,1,14946.771393160292,26915.752761568343,-1023.8106264007802
140,-31474,17410,-22270,-15616,-22533,-23820,-22016,-3342,-32013,1,-1,28811,2020-11-02 14:54:38,2020-11-02 14:55:08,0,DF:DC:EF:28:D6:3E,1,1,10613.466160598033,-35961.79585564186,19590.23355896963
141,1031,29442,7177,11009,16639,-5905,22786,-16654,-15376,1,-1,28862,2020-11-02 14:54:38,2020-11-02 14:55:08,0,DF:DC:EF:28:D6:3E,1,1,-28362.430071792638,10501.80445011391,2165.252344240868
142,7426,-6398,7438,25090,4865,-10509,8196,7923,9710,1,-1,28864,2020-11-02 14:54:38,2020-11-02 14:55:08,0,DF:DC:EF:28:D6:3E,1,1,9722.760764123745,-2839.6959369652445,-6986.256086717617
143,9223,-31996,28943,19714,20996,17149,5637,-20749,4589,1,-1,28887,2020-11-02 14:54:38,2020-11-02 14:55:08,0,DF:DC:EF:28:D6:3E,1,1,-13215.137189422645,-31996.0,-27351.802994770536
144,4364,-22782,-26090,8960,7689,-9727,1797,-8460,32493,1,-1,28913,2020-11-02 14:54:38,2020-11-02 14:55:08,0,DF:DC:EF:28:D6:3E,1,1,-14949.858263341986,-29775.621994575016,-10424.307782398106
145,-30451,26375,25110,31998,28417,-5122,-15100,-25611,-14099,1,-1,28939,2020-11-02 14:54:38,2020-11-02 14:55:08,0,DF:DC:EF:28:D6:3E,1,1,13342.233496861021,661.9610890877161,45551.75889942972
1014,18945,8705,31491,20737,-30971,12017,-18430,-30991,19944,1,1,51190,2020-11-02 14:54:38,2020-11-02 14:55:08,0,DF:DC:EF:28:D6:3E,1,1,26031.12445379517,505.4200088231173,-27358.695898849204
1015,19701,-4605,-23042,24833,16130,-2568,14084,27634,16870,1,1,51215,2020-11-02 14:54:38,2020-11-02 14:55:08,0,DF:DC:EF:28:D6:3E,1,1,-13734.096451327889,-24943.14029724192,11379.083301291414
1016,-19458,-30718,-17921,-14339,29436,29189,2564,16114,26086,1,1,51241,2020-11-02 14:54:38,2020-11-02 14:55:08,0,DF:DC:EF:28:D6:3E,1,1,-17888.801032240204,26282.993044489995,25150.876788935453
1017,15880,20993,-26109,12541,-8712,13318,-4606,11761,-32025,1,1,51292,2020-11-02 14:54:38,2020-11-02 14:55:08,0,DF:DC:EF:28:D6:3E,1,1,-28739.63422928186,-23147.720224588207,-3574.465382582485
1018,13316,-19455,28164,1279,-16136,-22529,-32510,-3345,-14617,1,1,51294,2020-11-02 14:54:38,2020-11-02 14:55:08,0,DF:DC:EF:28:D6:3E,1,1,-35117.029418886304,1427.3005326025996,-10666.809972185054
1019,-28670,8965,-23547,24064,27389,-6659,-9982,20463,16871,1,1,51318,2020-11-02 14:54:38,2020-11-02 14:55:08,0,DF:DC:EF:28:D6:3E,1,1,2991.1017168138173,29437.94097856421,24109.381482365814
1020,-9718,13575,-2040,-1281,1279,-770,10243,10735,-4634,1,1,51343,2020-11-02 14:54:38,2020-11-02 14:55:08,0,DF:DC:EF:28:D6:3E,1,1,3433.955469274951,9051.204611168108,13753.74108822054
1021,7439,13319,-29172,27903,8189,15100,32515,-8722,21478,1,1,51369,2020-11-02 14:54:38,2020-11-02 14:55:08,0,DF:DC:EF:28:D6:3E,1,1,-18097.72033547917,27019.995427998052,-5111.98901893855
1022,29961,20744,14,17666,-6405,-6407,-26108,-30994,-1820,1,1,51395,2020-11-02 14:54:38,2020-11-02 14:55:08,0,DF:DC:EF:28:D6:3E,1,1,23544.28620510559,-13569.778506129078,-24279.681863374404
1023,27146,-22012,27146,29187,-20483,-24834,-12027,10478,4068,1,1,51420,2020-11-02 14:54:38,2020-11-02 14:55:08,0,DF:DC:EF:28:D6:3E,1,1,22003.607183664764,33844.012114685655,-18131.819844902137
1024,-21999,-6655,26124,-8959,30462,-12797,774,-7443,24036,1,1,51446,2020-11-02 14:54:38,2020-11-02 14:55:08,0,DF:DC:EF:28:D6:3E,1,1,17101.538072007483,29981.913784465698,-4396.662756289632
1025,-32234,-21247,6418,26366,13054,-29947,14341,26093,25573,1,1,51471,2020-11-02 14:54:38,2020-11-02 14:55:08,0,DF:DC:EF:28:D6:3E,1,1,-22375.353688650142,-30505.498438694893,-10020.708623375594
1026,19997,4098,17688,29693,-3,27908,772,-1044,-31514,1,1,51497,2020-11-02 14:54:38,2020-11-02 14:55:08,0,DF:DC:EF:28:D6:3E,1,1,1742.7210451385934,20338.05635646708,17688.0
1027,-24291,-30459,-12775,-26881,28670,19453,-15869,-25364,-29722,1,1,51523,2020-11-02 14:54:38,2020-11-02 14:55:08,0,DF:DC:EF:28:D6:3E,1,1,10575.267992583842,39483.66624038457,-3194.963865671719
1028,12564,4106,22552,-7933,-12032,3064,14853,-10516,3045,1,1,51548,2020-11-02 14:54:38,2020-11-02 14:55:08,0,DF:DC:EF:28:D6:3E,1,1,11543.82055527008,-22215.17448063534,7518.79417078645
1029,-12791,14091,3857,-14075,-27648,-25862,15623,20717,-31005,1,1,51574,2020-11-02 14:54:38,2020-11-02 14:55:08,0,DF:DC:EF:28:D6:3E,1,1,13026.827781355923,11001.3117442842,-9290.603255976876
609,-18167,-32765,-2554,22788,-29956,-27908,-28667,-9745,-6166,1,-1,40819,2020-11-02 14:54:38,2020-11-02 14:55:08,0,DF:DC:EF:28:D6:3E,1,1,3550.676366336802,-18198.867450934424,-32654.27921184078
610,-19449,5122,26376,-3582,-32259,20476,-18938,32495,-5143,1,-1,40845,2020-11-02 14:54:38,2020-11-02 14:55:08,0,DF:DC:EF:28:D6:3E,1,1,20215.651638185333,-1348.5602350004242,-26262.152903677
611,-14584,-18689,-21748,-2301,32003,-17149,11783,-24849,490,1,-1,40871,2020-11-02 14:54:38,2020-11-02 14:55:08,0,DF:DC:EF:28:D6:3E,1,1,3521.079300843142,27552.768666834472,16229.424523040816
612,6932,29435,11540,8962,2052,-24053,16390,-5905,7660,1,-1,40896,2020-11-02 14:54:38,2020-11-02 14:55:08,0,DF:DC:EF:28:D6:3E,1,1,11175.47677899373,-24687.54037054059,17699.64740369425
613,21531,-26372,29210,30971,-8451,-25849,-30972,-26897,15598,1,-1,40922,2020-11-02 14:54:38,2020-11-02 14:55:08,0,DF:DC:EF:28:D6:3E,1,1,43483.418609757064,-9728.40131882381,-5180.826072021803
614,-8174,21510,26654,-12037,31739,-13317,-18173,-9490,12526,1,-1,40947,2020-11-02 14:54:38,2020-11-02 14:55:08,0,DF:DC:EF:28:D6:3E,1,1,7477.7656074847055,25793.3304763702,-22775.364244206303
615,-23550,-9721,14611,-22779,30469,-19208,517,19695,-19220,1,-1,40973,2020-11-02 14:54:38,2020-11-02 14:55:08,0,DF:DC:EF:28:D6:3E,1,1,-26494.102645750278,6042.623597284826,-11141.404178019236
616,-11525,-27642,2817,2052,18693,-32255,6406,30960,-30228,1,-1,40999,2020-11-02 14:54:38,2020-11-02 14:55:08,0,DF:DC:EF:28:D6:3E,1,1,21580.216264263385,11944.958823955509,-17217.82514377555
617,-14346,-8950,-2809,28159,26120,-31985,-8700,-9232,-29458,1,-1,41024,2020-11-02 14:54:38,2020-11-02 14:55:08,0,DF:DC:EF:28:D6:3E,1,1,3269.5884966501058,-14327.288107194528,-8822.658531078696
618,-21753,1798,-28906,8203,-23533,-18923,15107,-4878,-7438,1,-1,41050,2020-11-02 14:54:38,2020-11-02 14:55:08,0,DF:DC:EF:28:D6:3E,1,1,9734.53919243234,32101.63447097562,13664.057230664275
98,-19709,25602,17146,-7422,25094,17660,11016,20981,8428,1,1,27735,2020-11-02 14:54:38,2020-11-02 14:55:08,0,DF:DC:EF:28:D6:3E,1,1,13391.943924261772,19755.404068857617,-27717.72445576281
99,-29433,-15355,-16893,12289,-21245,11002,-26616,22774,-15381,1,1,27761,2020-11-02 14:54:38,2020-11-02 14:55:08,0,DF:DC:EF:28:D6:3E,1,1,8659.517772598076,-35918.29568486851,4726.494476926233
100,-28157,20233,21003,6659,-24578,9462,29961,-2314,32746,1,1,27786,2020-11-02 14:54:38,2020-11-02 14:55:08,0,DF:DC:EF:28:D6:3E,1,1,16829.523074820612,34341.501373792766,-13444.15796797514
101,-27905,5646,-28402,20743,-4867,-12295,-6902,17911,6889,1,1,27812,2020-11-02 14:54:38,2020-11-02 14:55:08,0,DF:DC:EF:28:D6:3E,1,1,30937.690267108053,9595.103609326336,23833.4481907839
102,29441,22030,-31737,-16379,-8451,13315,11788,1527,-17944,1,1,27838,2020-11-02 14:54:38,2020-11-02 14:55:08,0,DF:DC:EF:28:D6:3E,1,1,-26367.623329523838,-23648.317460191676,33239.07446446643
103,5129,-18425,23051,25853,-24066,2828,-11509,14582,-4631,1,1,27863,2020-11-02 14:54:38,2020-11-02 14:55:08,0,DF:DC:EF:28:D6:3E,1,1,4377.247572884204,28627.720449139888,-7643.89904247677
104,7441,26117,-10225,26872,-16134,14093,9738,-19724,-22037,1,1,27889,2020-11-02 14:54:38,2020-11-02 14:55:08,0,DF:DC:EF:28:D6:3E,1,1,12796.85771012773,-21120.58783336777,-15237.388139695788
105,6931,13061,23058,-29960,-30214,26888,18184,12019,-3092,1,1,27914,2020-11-02 14:54:38,2020-11-02 14:55:08,0,DF:DC:EF:28:D6:3E,1,1,-21965.08236424552,-16184.237143942837,2430.117445830861
106,-240,17669,2580,-4869,27135,13825,6151,-29966,-30995,1,1,27940,2020-11-02 14:54:38,2020-11-02 14:55:08,0,DF:DC:EF:28:D6:3E,1,1,-2668.5425154620216,16980.325021704568,4843.0366507435465
107,-29942,11012,-23018,-19200,-3838,15865,12807,-1038,-276,1,1,27966,2020-11-02 14:54:38,2020-11-02 14:55:08,0,DF:DC:EF:28:D6:3E,1,1,-29942.0,16347.599206616409,19592.05114784653
108,25860,17670,24853,7427,7174,13044,20232,15092,-27157,1,1,27991,2020-11-02 14:54:38,2020-11-02 14:55:08,0,DF:DC:EF:28:D6:3E,1,1,36069.02898068869,-9633.243497975316,-14313.136522053974
109,3585,21513,17431,19969,25609,-25101,21513,10230,9962,1,1,28017,2020-11-02 14:54:38,2020-11-02 14:55:08,0,DF:DC:EF:28:D6:3E,1,1,14572.466117237436,-21275.61533655725,-10700.120481229023
110,-17924,27652,-11752,13052,-30970,-9484,-30711,9976,-2072,1,1,28043,2020-11-02 14:54:38,2020-11-02 14:55:08,0,DF:DC:EF:28:D6:3E,1,1,9823.086559895222,19113.10482827033,27608.125221759536
111,31226,32767,13334,-27402,-16128,21499,-23544,7929,1768,1,1,28068,2020-11-02 14:54:38,2020-11-02 14:55:08,0,DF:DC:EF:28:D6:3E,1,1,30404.406053714414,-31509.14499727389,-17586.38095406852
112,17919,-29954,12045,-24843,4860,-5117,2311,-11272,744,1,1,28094,2020-11-02 14:54:38,2020-11-02 14:55:08,0,DF:DC:EF:28:D6:3E,1,1,-453.84099315991625,-29954.0,21586.25985095444
113,-15611,30718,-18940,-30475,21495,-6647,6917,-28169,-1816,1,1,28119,2020-11-02 14:54:38,2020-11-02 14:55:08,0,DF:DC:EF:28:D6:3E,1,1,22021.486422384798,32534.466683919083,1607.8116623788892
114,-18679,31232,6913,6646,19957,-15092,-10750,-22027,-24086,1,1,28145,2020-11-02 14:54:38,2020-11-02 14:55:08,0,DF:DC:EF:28:D6:3E,1,1,-31340.10824059401,1570.3688555778879,19684.10503744792
115,17932,28162,-10239,-10501,-32266,7434,-5888,-6413,32748,1,1,28170,2020-11-02 14:54:38,2020-11-02 14:55:08,0,DF:DC:EF:28:D6:3E,1,1,16054.313442054507,-31004.128145823754,-703.5956378541308
116,-4343,-5630,18687,12033,-12552,23813,9728,-26638,-16659,1,1,28196,2020-11-02 14:54:38,2020-11-02 14:55:08,0,DF:DC:EF:28:D6:3E,1,1,-19933.465149498268,1540.3738553038213,-216.17936912301502
117,-18425,18435,-13571,-12031,-28423,6148,256,-31247,-31250,1,1,28222,2020-11-02 14:54:38,2020-11-02 14:55:08,0,DF:DC:EF:28:D6:3E,1,1,-22851.77778973796,-12261.501955602009,13818.60024174688
118,11786,2308,2303,-5888,18169,-2812,-22273,29936,28655,1,1,28247,2020-11-02 14:54:38,2020-11-02 14:55:08,0,DF:DC:EF:28:D6:3E,1,1,-222.28097684837985,-6157.862304570924,10562.754943918551
119,-6901,28165,6401,11264,-3077,13058,17151,-26641,10736,1,1,28273,2020-11-02 14:54:38,2020-11-02 14:55:08,0,DF:DC:EF:28:D6:3E,1,1,26580.51008080869,8931.184378677306,-9776.208694483656
120,18443,-14073,15110,13825,-21761,12286,29439,17903,5872,1,1,28298,2020-11-02 14:54:38,2020-11-02 14:55:08,0,DF:DC:EF:28:D6:3E,1,1,-17342.541114009393,-7580.71407738999,-20205.8090604102
121,14858,7689,-24055,7939,7937,-4358,27392,24815,15599,1,1,28324,2020-11-02 14:54:38,2020-11-02 14:55:08,0,DF:DC:EF:28:D6:3E,1,1,28284.49455838478,-5979.303642429278,4770.660911061887
122,-7930,-24822,-4855,7940,9728,27386,-6399,-30225,-1043,1,1,28350,2020-11-02 14:54:38,2020-11-02 14:55:08,0,DF:DC:EF:28:D6:3E,1,1,15264.184096194705,-17496.725467501303,12785.026038001171
123,7941,-32251,15114,-28926,13057,7426,-18942,-25361,-26643,1,1,28375,2020-11-02 14:54:38,2020-11-02 14:55:08,0,DF:DC:EF:28:D6:3E,1,1,-17234.416080147457,-32155.26939171753,795.6322783977266
124,-12268,1275,-25839,-28927,-6397,-25332,-16383,1264,31983,1,1,28401,2020-11-02 14:54:38,2020-11-02 14:55:08,0,DF:DC:EF:28:D6:3E,1,1,-26519.008887902037,4948.837054110512,9593.463890338871
125,-7137,29689,-2029,26878,-27391,20231,15616,23280,-18703,1,1,28426,2020-11-02 14:54:38,2020-11-02 14:55:08,0,DF:DC:EF:28:D6:3E,1,1,14757.356177369968,12719.871329483283,-23599.060214670197
126,-19946,-6658,-18662,-12805,-27906,28413,-26881,14576,-6671,1,1,28452,2020-11-02 14:54:38,2020-11-02 14:55:08,0,DF:DC:EF:28:D6:3E,1,1,23548.712699505308,-2480.372666393045,15157.440602950337
127,-27888,-14081,2337,-5380,-7166,-5126,-25601,20464,-528,1,1,28478,2020-11-02 14:54:38,2020-11-02 14:55:08,0,DF:DC:EF:28:D6:3E,1,1,25889.490302808706,7435.308393845891,15997.723430200278
128,7182,11265,7710,-3074,3078,-262,-513,12529,1008,1,1,28503,2020-11-02 14:54:38,2020-11-02 14:55:08,0,DF:DC:EF:28:D6:3E,1,1,4021.916580744429,11265.0,-9739.066229240514
129,-18680,-28159,-6123,16127,-32766,17146,-31488,-14095,-3346,1,1,28529,2020-11-02 14:54:38,2020-11-02 14:55:08,0,DF:DC:EF:28:D6:3E,1,1,33906.11461991544,-2116.150146696591,-5025.943686293408
130,24572,23296,-26606,19964,-20989,15868,-23040,25586,2798,1,1,28554,2020-11-02 14:54:38,2020-11-02 14:55:08,0,DF:DC:EF:28:D6:3E,1,1,-42565.548200494246,4908.205398524034,-4295.306992206752
131,22772,-5382,32012,16383,16903,-26109,17664,19187,6126,1,1,28580,2020-11-02 14:54:38,2020-11-02 14:55:08,0,DF:DC:EF:28:D6:3E,1,1,-15337.053280685088,-22385.763077624037,28912.807890239772
30,-14075,31491,13837,-27136,-24320,-23554,-25340,-16649,20725,1,-1,25994,2020-11-02 14:54:38,2020-11-02 14:55:08,0,DF:DC:EF:28:D6:3E,1,1,11896.063123660922,29673.95709480457,-18952.3409502249
31,25605,-32764,-6900,22784,30464,-13570,-15868,-8713,7925,1,-1,26020,2020-11-02 14:54:38,2020-11-02 14:55:08,0,DF:DC:EF:28:D6:3E,1,1,-13569.33171036441,-7510.0849393048275,39194.10136919235
32,-8955,15620,13069,11264,32256,7423,-9980,-1801,-1292,1,-1,26045,2020-11-02 14:54:38,2020-11-02 14:55:08,0,DF:DC:EF:28:D6:3E,1,1,-8955.0,19436.706318114742,-6082.565947308625
33,-24315,11780,15629,15872,-29952,4863,-4860,5368,-9996,1,-1,26071,2020-11-02 14:54:38,2020-11-02 14:55:08,0,DF:DC:EF:28:D6:3E,1,1,-3224.922366146797,26825.128158730688,15629.0
34,-20731,-13053,21773,26112,29440,10239,1285,11768,-17676,1,-1,26096,2020-11-02 14:54:38,2020-11-02 14:55:08,0,DF:DC:EF:28:D6:3E,1,1,-29982.84639233214,8910.997311343013,9789.879883382275
35,-15355,12804,19981,-31744,21504,11007,9477,17144,-25612,1,-1,26122,2020-11-02 14:54:38,2020-11-02 14:55:08,0,DF:DC:EF:28:D6:3E,1,1,-9508.129807875312,26147.547137140744,4985.985185256359
36,24837,15364,23309,23552,-257,25343,16645,20216,32756,1,-1,26148,2020-11-02 14:54:38,2020-11-02 14:55:08,0,DF:DC:EF:28:D6:3E,1,1,-33259.138960717595,15174.747307989604,-7732.739859218007
37,-19963,4100,24333,11008,31999,-16385,21253,18168,27636,1,-1,26173,2020-11-02 14:54:38,2020-11-02 14:55:08,0,DF:DC:EF:28:D6:3E,1,1,-16420.00808618998,-7548.242716579424,26092.788742123004
38,27142,-1789,-13044,12288,9983,-28417,25093,11000,22772,1,-1,26199,2020-11-02 14:54:38,2020-11-02 14:55:08,0,DF:DC:EF:28:D6:3E,1,1,-21520.62153113811,11858.022798466829,-17500.993263942357
39,28166,8708,-6901,9728,21759,-3330,30725,3832,12276,1,-1,26224,2020-11-02 14:54:38,2020-11-02 14:55:08,0,DF:DC:EF:28:D6:3E,1,1,-7949.966095784351,27337.201255874315,-10307.865325648334
40,-22011,-27644,4620,22784,14080,28926,-26619,5880,-2829,1,-1,26250,2020-11-02 14:54:38,2020-11-02 14:55:08,0,DF:DC:EF:28:D6:3E,1,1,-32038.151363037843,14572.896726831059,5586.304254889216
41,14853,-9468,10508,22784,-20992,-2306,-17659,13560,-15117,1,-1,26276,2020-11-02 14:54:38,2020-11-02 14:55:08,0,DF:DC:EF:28:D6:3E,1,1,15874.530994483566,8599.205541328078,-9732.70911736157
42,-14332,-6908,-28660,-30209,4096,-27905,-16123,19448,-20493,1,-1,26301,2020-11-02 14:54:38,2020-11-02 14:55:08,0,DF:DC:EF:28:D6:3E,1,1,-19862.37546939813,20588.785662133298,-16003.444431477412
43,-3578,-2301,12301,-17410,14078,24319,-23035,7160,-28941,1,-1,26327,2020-11-02 14:54:38,2020-11-02 14:55:08,0,DF:DC:EF:28:D6:3E,1,1,4601.535695162738,-11960.950095672983,-2274.385203733877
44,-2810,-20220,-13555,16383,-25602,5119,-29179,-8713,23283,1,-1,26352,2020-11-02 14:54:38,2020-11-02 14:55:08,0,DF:DC:EF:28:D6:3E,1,1,-6290.7592654617065,-18394.475335947758,-14918.181859034212
45,20486,23812,-20979,-2561,28159,-25602,-26875,-12809,8179,1,-1,26378,2020-11-02 14:54:38,2020-11-02 14:55:08,0,DF:DC:EF:28:D6:3E,1,1,-20459.70873242781,-31285.917945024317,5421.958863862995
46,-27899,-27900,17933,12032,8447,-16130,-19195,-16649,-7694,1,-1,26404,2020-11-02 14:54:38,2020-11-02 14:55:08,0,DF:DC:EF:28:D6:3E,1,1,38432.441832942546,-4050.119524350852,-19618.884692967633
47,-11003,-11516,25613,-6401,-15874,1535,-13307,-23817,-21774,1,-1,26430,2020-11-02 14:54:38,2020-11-02 14:55:08,0,DF:DC:EF:28:D6:3E,1,1,-3016.778272298641,-28796.086672331923,8449.525147328379
48,-30203,-17660,25101,-27393,28670,26367,-11003,29431,31474,1,-1,26455,2020-11-02 14:54:38,2020-11-02 14:55:08,0,DF:DC:EF:28:D6:3E,1,1,942.88367795464,37635.86042892314,-20899.999764221622
49,14342,20228,-15347,20223,30718,-18177,-13819,15351,23282,1,-1,26480,2020-11-02 14:54:38,2020-11-02 14:55:08,0,DF:DC:EF:28:D6:3E,1,1,-5894.3654525847205,27403.212950706427,-8044.608933292613
50,11015,-765,-23026,-17921,-14338,9471,-15099,3831,13810,1,-1,26506,2020-11-02 14:54:38,2020-11-02 14:55:08,0,DF:DC:EF:28:D6:3E,1,1,14165.064647980707,18596.496969945394,10277.809589856148
51,-4346,28676,-23538,-18944,10495,23806,-5115,-2314,-3343,1,-1,26532,2020-11-02 14:54:38,2020-11-02 14:55:08,0,DF:DC:EF:28:D6:3E,1,1,-4346.0,28676.0,-23538.0
52,17670,1285,22029,19457,-31745,-5891,15622,-4106,-25871,1,-1,26583,2020-11-02 14:54:38,2020-11-02 14:55:08,0,DF:DC:EF:28:D6:3E,1,1,4014.261311941624,26815.313671465952,-7998.851468825998
53,1286,-20220,27916,-28671,12800,-19971,-26106,1271,16113,1,-1,26585,2020-11-02 14:54:38,2020-11-02 14:55:08,0,DF:DC:EF:28:D6:3E,1,1,6657.581901792414,4461.171370126493,-33549.661775154906
54,-7418,-17917,-16885,14850,-32768,-26628,4359,13815,-11792,1,-1,26608,2020-11-02 14:54:38,2020-11-02 14:55:08,0,DF:DC:EF:28:D6:3E,1,1,-11187.212740015415,18610.00868445909,13771.807647291409
55,1028,-30972,-4598,-25598,-24832,23804,-21753,31223,16368,1,-1,26634,2020-11-02 14:54:38,2020-11-02 14:55:08,0,DF:DC:EF:28:D6:3E,1,1,-23851.601121616026,-20004.905843249533,3516.822164688773
56,16901,9221,-13302,24577,-5377,-11011,8200,-22281,-9745,1,-1,26660,2020-11-02 14:54:38,2020-11-02 14:55:08,0,DF:DC:EF:28:D6:3E,1,1,4527.222756534413,22886.90586109936,1818.691897461736
57,26885,-26875,-7669,8192,-26114,-10499,23048,-23305,30959,1,-1,26685,2020-11-02 14:54:38,2020-11-02 14:55:08,0,DF:DC:EF:28:D6:3E,1,1,11737.177751628235,1789.7673293730413,-36917.716645716224
58,-19963,-8187,21516,-7937,11518,-14851,-32248,-31497,2287,1,-1,26711,2020-11-02 14:54:38,2020-11-02 14:55:08,0,DF:DC:EF:28:D6:3E,1,1,-7338.408401729004,-22954.557006039522,18647.323367870118
